6 6 5 8
0 0 0 0 0 0
0 0 0 0 0 0
0 0 69.0679 29.0679 0 0
0 0 29.0679 69.0679 0 0
0 0 0 0 0 0
0 0 0 0 0 0
0 0 0 0 0 0
0 23.6925 75.0821 35.0821 63.6925 0
0 75.0821 50.5944 90.5944 35.0821 0
0 35.0821 90.5944 50.5944 75.0821 0
0 63.6925 35.0821 75.0821 23.6925 0
0 0 0 0 0 0
0 0 0 0 0 0
0 69.0679 42.0375 82.0375 29.0679 0
0 42.0375 103.023 63.0226 82.0375 0
0 82.0375 63.0226 103.023 42.0375 0
0 29.0679 82.0375 42.0375 69.0679 0
0 0 0 0 0 0
0 0 0 0 0 0
0 23.6925 75.0821 35.0821 63.6925 0
0 75.0821 50.5944 90.5944 35.0821 0
0 35.0821 90.5944 50.5944 75.0821 0
0 63.6925 35.0821 75.0821 23.6925 0
0 0 0 0 0 0
0 0 0 0 0 0
0 0 0 0 0 0
0 0 69.0679 29.0679 0 0
0 0 29.0679 69.0679 0 0
0 0 0 0 0 0
0 0 0 0 0 0
0 0 0 0 0 0
0 0 0 0 0 0
0 0 1 1 0 0
0 0 1 1 0 0
0 0 0 0 0 0
0 0 0 0 0 0
0 0 0 0 0 0
0 1 1 1 1 0
0 1 1 1 1 0
0 1 1 1 1 0
0 1 1 1 1 0
0 0 0 0 0 0
0 0 0 0 0 0
0 1 1 1 1 0
0 1 1 1 1 0
0 1 1 1 1 0
0 1 1 1 1 0
0 0 0 0 0 0
0 0 0 0 0 0
0 1 1 1 1 0
0 1 1 1 1 0
0 1 1 1 1 0
0 1 1 1 1 0
0 0 0 0 0 0
0 0 0 0 0 0
0 0 0 0 0 0
0 0 1 1 0 0
0 0 1 1 0 0
0 0 0 0 0 0
0 0 0 0 0 0
