32 32
2 3 3 0.1
2.342606 2.961331 3.685436 4.515491 5.446722 6.468142 7.562024 8.703837 9.862739 11.00268 12.08408 13.06601 13.90869 14.57618 15.03888 15.27571 15.27571 15.03888 14.57618 13.90869 13.06601 12.08408 11.00268 9.862739 8.703837 7.562024 6.468142 5.446722 4.515491 3.685436 2.961331 2.342606 2.961331 3.743474 4.658828 5.708116 6.885302 8.176498 9.559295 11.00268 12.46767 13.90869 15.27571 16.51698 17.58223 18.42602 19.01093 19.31031 19.31031 19.01093 18.42602 17.58223 16.51698 15.27571 13.90869 12.46767 11.00268 9.559295 8.176498 6.885302 5.708116 4.658828 3.743474 2.961331 3.685436 4.658828 5.798005 7.103865 8.568896 10.17582 11.89673 13.69306 15.51627 17.30965 19.01093 20.55571 21.88144 22.93156 23.65948 24.03206 24.03206 23.65948 22.93156 21.88144 20.55571 19.01093 17.30965 15.51627 13.69306 11.89673 10.17582 8.568896 7.103865 5.798005 4.658828 3.685436 4.515491 5.708116 7.103865 8.703837 10.49883 12.46767 14.57618 16.77708 19.01093 21.20822 23.29268 25.18539 26.8097 28.09633 28.9882 29.4447 29.4447 28.9882 28.09633 26.8097 25.18539 23.29268 21.20822 19.01093 16.77708 14.57618 12.46767 10.49883 8.703837 7.103865 5.708116 4.515491 5.446722 6.885302 8.568896 10.49883 12.66401 15.03888 17.58223 20.23703 22.93156 25.582 28.09633 30.37938 32.33868 33.89064 34.96645 35.51709 35.51709 34.96645 33.89064 32.33868 30.37938 28.09633 25.582 22.93156 20.23703 17.58223 15.03888 12.66401 10.49883 8.568896 6.885302 5.446722 6.468142 8.176498 10.17582 12.46767 15.03888 17.85911 20.87942 24.03206 27.2319 30.37938 33.36522 36.0764 38.40313 40.24613 41.52368 42.17759 42.17759 41.52368 40.24613 38.40313 36.0764 33.36522 30.37938 27.2319 24.03206 20.87942 17.85911 15.03888 12.46767 10.17582 8.176498 6.468142 7.562024 9.559295 11.89673 14.57618 17.58223 20.87942 24.41051 28.09633 31.83731 35.51709 39.00789 42.17759 44.89781 47.0525 48.5461 49.31059 49.31059 48.5461 47.0525 44.89781 42.17759 39.00789 35.51709 31.83731 28.09633 24.41051 20.87942 17.58223 14.57618 11.89673 9.559295 7.562024 8.703837 11.00268 13.69306 16.77708 20.23703 24.03206 28.09633 32.33868 36.64452 40.87992 44.89781 48.5461 51.67706 54.15709 55.87622 56.75615 56.75615 55.87622 54.15709 51.67706 48.5461 44.89781 40.87992 36.64452 32.33868 28.09633 24.03206 20.23703 16.77708 13.69306 11.00268 8.703837 9.862739 12.46767 15.51627 19.01093 22.93156 27.2319 31.83731 36.64452 41.52368 46.32302 50.87588 55.00994 58.55778 61.36803 63.31606 64.31314 64.31314 63.31606 61.36803 58.55778 55.00994 50.87588 46.32302 41.52368 36.64452 31.83731 27.2319 22.93156 19.01093 15.51627 12.46767 9.862739 11.00268 13.90869 17.30965 21.20822 25.582 30.37938 35.51709 40.87992 46.32302 51.67706 56.75615 61.36803 65.32592 68.46098 70.63416 71.74649 71.74649 70.63416 68.46098 65.32592 61.36803 56.75615 51.67706 46.32302 40.87992 35.51709 30.37938 25.582 21.20822 17.30965 13.90869 11.00268 12.08408 15.27571 19.01093 23.29268 28.09633 33.36522 39.00789 44.89781 50.87588 56.75615 62.33443 67.39959 71.74649 75.18968 77.57645 78.7981 78.7981 77.57645 75.18968 71.74649 67.39959 62.33443 56.75615 50.87588 44.89781 39.00789 33.36522 28.09633 23.29268 19.01093 15.27571 12.08408 13.06601 16.51698 20.55571 25.18539 30.37938 36.0764 42.17759 48.5461 55.00994 61.36803 67.39959 72.87633 77.57645 81.29942 83.88015 85.20107 85.20107 83.88015 81.29942 77.57645 72.87633 67.39959 61.36803 55.00994 48.5461 42.17759 36.0764 30.37938 25.18539 20.55571 16.51698 13.06601 13.90869 17.58223 21.88144 26.8097 32.33868 38.40313 44.89781 51.67706 58.55778 65.32592 71.74649 77.57645 82.5797 86.54279 89.28995 90.69606 90.69606 89.28995 86.54279 82.5797 77.57645 71.74649 65.32592 58.55778 51.67706 44.89781 38.40313 32.33868 26.8097 21.88144 17.58223 13.90869 14.57618 18.42602 22.93156 28.09633 33.89064 40.24613 47.0525 54.15709 61.36803 68.46098 75.18968 81.29942 86.54279 90.69606 93.57506 95.04866 95.04866 93.57506 90.69606 86.54279 81.29942 75.18968 68.46098 61.36803 54.15709 47.0525 40.24613 33.89064 28.09633 22.93156 18.42602 14.57618 15.03888 19.01093 23.65948 28.9882 34.96645 41.52368 48.5461 55.87622 63.31606 70.63416 77.57645 83.88015 89.28995 93.57506 96.54546 98.06582 98.06582 96.54546 93.57506 89.28995 83.88015 77.57645 70.63416 63.31606 55.87622 48.5461 41.52368 34.96645 28.9882 23.65948 19.01093 15.03888 15.27571 19.31031 24.03206 29.4447 35.51709 42.17759 49.31059 56.75615 64.31314 71.74649 78.7981 85.20107 90.69606 95.04866 98.06582 99.61014 99.61014 98.06582 95.04866 90.69606 85.20107 78.7981 71.74649 64.31314 56.75615 49.31059 42.17759 35.51709 29.4447 24.03206 19.31031 15.27571 15.27571 19.31031 24.03206 29.4447 35.51709 42.17759 49.31059 56.75615 64.31314 71.74649 78.7981 85.20107 90.69606 95.04866 98.06582 99.61014 99.61014 98.06582 95.04866 90.69606 85.20107 78.7981 71.74649 64.31314 56.75615 49.31059 42.17759 35.51709 29.4447 24.03206 19.31031 15.27571 15.03888 19.01093 23.65948 28.9882 34.96645 41.52368 48.5461 55.87622 63.31606 70.63416 77.57645 83.88015 89.28995 93.57506 96.54546 98.06582 98.06582 96.54546 93.57506 89.28995 83.88015 77.57645 70.63416 63.31606 55.87622 48.5461 41.52368 34.96645 28.9882 23.65948 19.01093 15.03888 14.57618 18.42602 22.93156 28.09633 33.89064 40.24613 47.0525 54.15709 61.36803 68.46098 75.18968 81.29942 86.54279 90.69606 93.57506 95.04866 95.04866 93.57506 90.69606 86.54279 81.29942 75.18968 68.46098 61.36803 54.15709 47.0525 40.24613 33.89064 28.09633 22.93156 18.42602 14.57618 13.90869 17.58223 21.88144 26.8097 32.33868 38.40313 44.89781 51.67706 58.55778 65.32592 71.74649 77.57645 82.5797 86.54279 89.28995 90.69606 90.69606 89.28995 86.54279 82.5797 77.57645 71.74649 65.32592 58.55778 51.67706 44.89781 38.40313 32.33868 26.8097 21.88144 17.58223 13.90869 13.06601 16.51698 20.55571 25.18539 30.37938 36.0764 42.17759 48.5461 55.00994 61.36803 67.39959 72.87633 77.57645 81.29942 83.88015 85.20107 85.20107 83.88015 81.29942 77.57645 72.87633 67.39959 61.36803 55.00994 48.5461 42.17759 36.0764 30.37938 25.18539 20.55571 16.51698 13.06601 12.08408 15.27571 19.01093 23.29268 28.09633 33.36522 39.00789 44.89781 50.87588 56.75615 62.33443 67.39959 71.74649 75.18968 77.57645 78.7981 78.7981 77.57645 75.18968 71.74649 67.39959 62.33443 56.75615 50.87588 44.89781 39.00789 33.36522 28.09633 23.29268 19.01093 15.27571 12.08408 11.00268 13.90869 17.30965 21.20822 25.582 30.37938 35.51709 40.87992 46.32302 51.67706 56.75615 61.36803 65.32592 68.46098 70.63416 71.74649 71.74649 70.63416 68.46098 65.32592 61.36803 56.75615 51.67706 46.32302 40.87992 35.51709 30.37938 25.582 21.20822 17.30965 13.90869 11.00268 9.862739 12.46767 15.51627 19.01093 22.93156 27.2319 31.83731 36.64452 41.52368 46.32302 50.87588 55.00994 58.55778 61.36803 63.31606 64.31314 64.31314 63.31606 61.36803 58.55778 55.00994 50.87588 46.32302 41.52368 36.64452 31.83731 27.2319 22.93156 19.01093 15.51627 12.46767 9.862739 8.703837 11.00268 13.69306 16.77708 20.23703 24.03206 28.09633 32.33868 36.64452 40.87992 44.89781 48.5461 51.67706 54.15709 55.87622 56.75615 56.75615 55.87622 54.15709 51.67706 48.5461 44.89781 40.87992 36.64452 32.33868 28.09633 24.03206 20.23703 16.77708 13.69306 11.00268 8.703837 7.562024 9.559295 11.89673 14.57618 17.58223 20.87942 24.41051 28.09633 31.83731 35.51709 39.00789 42.17759 44.89781 47.0525 48.5461 49.31059 49.31059 48.5461 47.0525 44.89781 42.17759 39.00789 35.51709 31.83731 28.09633 24.41051 20.87942 17.58223 14.57618 11.89673 9.559295 7.562024 6.468142 8.176498 10.17582 12.46767 15.03888 17.85911 20.87942 24.03206 27.2319 30.37938 33.36522 36.0764 38.40313 40.24613 41.52368 42.17759 42.17759 41.52368 40.24613 38.40313 36.0764 33.36522 30.37938 27.2319 24.03206 20.87942 17.85911 15.03888 12.46767 10.17582 8.176498 6.468142 5.446722 6.885302 8.568896 10.49883 12.66401 15.03888 17.58223 20.23703 22.93156 25.582 28.09633 30.37938 32.33868 33.89064 34.96645 35.51709 35.51709 34.96645 33.89064 32.33868 30.37938 28.09633 25.582 22.93156 20.23703 17.58223 15.03888 12.66401 10.49883 8.568896 6.885302 5.446722 4.515491 5.708116 7.103865 8.703837 10.49883 12.46767 14.57618 16.77708 19.01093 21.20822 23.29268 25.18539 26.8097 28.09633 28.9882 29.4447 29.4447 28.9882 28.09633 26.8097 25.18539 23.29268 21.20822 19.01093 16.77708 14.57618 12.46767 10.49883 8.703837 7.103865 5.708116 4.515491 3.685436 4.658828 5.798005 7.103865 8.568896 10.17582 11.89673 13.69306 15.51627 17.30965 19.01093 20.55571 21.88144 22.93156 23.65948 24.03206 24.03206 23.65948 22.93156 21.88144 20.55571 19.01093 17.30965 15.51627 13.69306 11.89673 10.17582 8.568896 7.103865 5.798005 4.658828 3.685436 2.961331 3.743474 4.658828 5.708116 6.885302 8.176498 9.559295 11.00268 12.46767 13.90869 15.27571 16.51698 17.58223 18.42602 19.01093 19.31031 19.31031 19.01093 18.42602 17.58223 16.51698 15.27571 13.90869 12.46767 11.00268 9.559295 8.176498 6.885302 5.708116 4.658828 3.743474 2.961331 2.342606 2.961331 3.685436 4.515491 5.446722 6.468142 7.562024 8.703837 9.862739 11.00268 12.08408 13.06601 13.90869 14.57618 15.03888 15.27571 15.27571 15.03888 14.57618 13.90869 13.06601 12.08408 11.00268 9.862739 8.703837 7.562024 6.468142 5.446722 4.515491 3.685436 2.961331 2.342606
2.377745 3.005751 3.740718 4.583223 5.528423 6.565164 7.675455 8.834394 10.01068 11.16772 12.26534 13.262 14.11732 14.79483 15.26446 15.50484 15.50484 15.26446 14.79483 14.11732 13.262 12.26534 11.16772 10.01068 8.834394 7.675455 6.565164 5.528423 4.583223 3.740718 3.005751 2.377745 3.005751 3.799626 4.728711 5.793737 6.988581 8.299145 9.702684 11.16772 12.65469 14.11732 15.50484 16.76473 17.84597 18.70241 19.29609 19.59996 19.59996 19.29609 18.70241 17.84597 16.76473 15.50484 14.11732 12.65469 11.16772 9.702684 8.299145 6.988581 5.793737 4.728711 3.799626 3.005751 3.740718 4.728711 5.884975 7.210422 8.69743 10.32845 12.07519 13.89845 15.74901 17.56929 19.29609 20.86405 22.20966 23.27553 24.01437 24.39254 24.39254 24.01437 23.27553 22.20966 20.86405 19.29609 17.56929 15.74901 13.89845 12.07519 10.32845 8.69743 7.210422 5.884975 4.728711 3.740718 4.583223 5.793737 7.210422 8.834394 10.65631 12.65469 14.79483 17.02874 19.29609 21.52635 23.64207 25.56317 27.21185 28.51777 29.42303 29.88637 29.88637 29.42303 28.51777 27.21185 25.56317 23.64207 21.52635 19.29609 17.02874 14.79483 12.65469 10.65631 8.834394 7.210422 5.793737 4.583223 5.528423 6.988581 8.69743 10.65631 12.85397 15.26446 17.84597 20.54058 23.27553 25.96573 28.51777 30.83507 32.82376 34.399 35.49094 36.04984 36.04984 35.49094 34.399 32.82376 30.83507 28.51777 25.96573 23.27553 20.54058 17.84597 15.26446 12.85397 10.65631 8.69743 6.988581 5.528423 6.565164 8.299145 10.32845 12.65469 15.26446 18.127 21.19261 24.39254 27.64037 30.83507 33.86569 36.61755 38.97918 40.84983 42.14654 42.81025 42.81025 42.14654 40.84983 38.97918 36.61755 33.86569 30.83507 27.64037 24.39254 21.19261 18.127 15.26446 12.65469 10.32845 8.299145 6.565164 7.675455 9.702684 12.07519 14.79483 17.84597 21.19261 24.77667 28.51777 32.31487 36.04984 39.59301 42.81025 45.57127 47.75828 49.2743 50.05025 50.05025 49.2743 47.75828 45.57127 42.81025 39.59301 36.04984 32.31487 28.51777 24.77667 21.19261 17.84597 14.79483 12.07519 9.702684 7.675455 8.834394 11.16772 13.89845 17.02874 20.54058 24.39254 28.51777 32.82376 37.19419 41.49312 45.57127 49.2743 52.45221 54.96945 56.71437 57.60749 57.60749 56.71437 54.96945 52.45221 49.2743 45.57127 41.49312 37.19419 32.82376 28.51777 24.39254 20.54058 17.02874 13.89845 11.16772 8.834394 10.01068 12.65469 15.74901 19.29609 23.27553 27.64037 32.31487 37.19419 42.14654 47.01786 51.63902 55.83509 59.43615 62.28855 64.2658 65.27784 65.27784 64.2658 62.28855 59.43615 55.83509 51.63902 47.01786 42.14654 37.19419 32.31487 27.64037 23.27553 19.29609 15.74901 12.65469 10.01068 11.16772 14.11732 17.56929 21.52635 25.96573 30.83507 36.04984 41.49312 47.01786 52.45221 57.60749 62.28855 66.30581 69.48789 71.69368 72.82269 72.82269 71.69368 69.48789 66.30581 62.28855 57.60749 52.45221 47.01786 41.49312 36.04984 30.83507 25.96573 21.52635 17.56929 14.11732 11.16772 12.26534 15.50484 19.29609 23.64207 28.51777 33.86569 39.59301 45.57127 51.63902 57.60749 63.26945 68.41058 72.82269 76.31752 78.7401 79.98008 79.98008 78.7401 76.31752 72.82269 68.41058 63.26945 57.60749 51.63902 45.57127 39.59301 33.86569 28.51777 23.64207 19.29609 15.50484 12.26534 13.262 16.76473 20.86405 25.56317 30.83507 36.61755 42.81025 49.2743 55.83509 62.28855 68.41058 73.96948 78.7401 82.51892 85.13835 86.47908 86.47908 85.13835 82.51892 78.7401 73.96948 68.41058 62.28855 55.83509 49.2743 42.81025 36.61755 30.83507 25.56317 20.86405 16.76473 13.262 14.11732 17.84597 22.20966 27.21185 32.82376 38.97918 45.57127 52.45221 59.43615 66.30581 72.82269 78.7401 83.8184 87.84093 90.6293 92.0565 92.0565 90.6293 87.84093 83.8184 78.7401 72.82269 66.30581 59.43615 52.45221 45.57127 38.97918 32.82376 27.21185 22.20966 17.84597 14.11732 14.79483 18.70241 23.27553 28.51777 34.399 40.84983 47.75828 54.96945 62.28855 69.48789 76.31752 82.51892 87.84093 92.0565 94.97869 96.47439 96.47439 94.97869 101.5796 96.92792 82.51892 76.31752 69.48789 62.28855 54.96945 47.75828 40.84983 34.399 28.51777 23.27553 18.70241 14.79483 15.26446 19.29609 24.01437 29.42303 35.49094 42.14654 49.2743 56.71437 64.2658 71.69368 78.7401 85.13835 90.6293 94.97869 97.99364 99.53681 99.53681 97.99364 104.8041 100.0047 85.13835 78.7401 71.69368 64.2658 56.71437 49.2743 42.14654 35.49094 29.42303 24.01437 19.29609 15.26446 15.50484 19.59996 24.39254 29.88637 36.04984 42.81025 50.05025 57.60749 65.27784 72.82269 79.98008 86.47908 92.0565 96.47439 99.53681 101.1043 101.1043 99.53681 96.47439 92.0565 86.47908 79.98008 72.82269 65.27784 57.60749 50.05025 42.81025 36.04984 29.88637 24.39254 19.59996 15.50484 15.50484 19.59996 24.39254 29.88637 36.04984 42.81025 50.05025 57.60749 65.27784 72.82269 79.98008 86.47908 92.0565 96.47439 99.53681 101.1043 101.1043 99.53681 96.47439 92.0565 86.47908 79.98008 72.82269 65.27784 57.60749 50.05025 42.81025 36.04984 29.88637 24.39254 19.59996 15.50484 15.26446 19.29609 24.01437 29.42303 35.49094 42.14654 49.2743 56.71437 64.2658 71.69368 78.7401 85.13835 90.6293 94.97869 97.99364 99.53681 99.53681 97.99364 94.97869 90.6293 85.13835 78.7401 71.69368 64.2658 56.71437 49.2743 42.14654 35.49094 29.42303 24.01437 19.29609 15.26446 14.79483 18.70241 23.27553 28.51777 34.399 40.84983 47.75828 54.96945 62.28855 69.48789 76.31752 82.51892 87.84093 92.0565 94.97869 96.47439 96.47439 94.97869 92.0565 87.84093 82.51892 76.31752 69.48789 62.28855 54.96945 47.75828 40.84983 34.399 28.51777 23.27553 18.70241 14.79483 14.11732 17.84597 22.20966 27.21185 32.82376 38.97918 45.57127 52.45221 59.43615 66.30581 72.82269 78.7401 83.8184 87.84093 90.6293 92.0565 92.0565 90.6293 87.84093 83.8184 78.7401 72.82269 66.30581 59.43615 52.45221 45.57127 38.97918 32.82376 27.21185 22.20966 17.84597 14.11732 13.262 16.76473 20.86405 25.56317 30.83507 36.61755 42.81025 49.2743 55.83509 62.28855 68.41058 73.96948 78.7401 82.51892 85.13835 86.47908 86.47908 85.13835 82.51892 78.7401 73.96948 68.41058 62.28855 55.83509 49.2743 42.81025 36.61755 30.83507 25.56317 20.86405 16.76473 13.262 12.26534 15.50484 19.29609 23.64207 28.51777 33.86569 39.59301 45.57127 51.63902 57.60749 63.26945 68.41058 72.82269 76.31752 78.7401 79.98008 79.98008 78.7401 76.31752 72.82269 68.41058 63.26945 57.60749 51.63902 45.57127 39.59301 33.86569 28.51777 23.64207 19.29609 15.50484 12.26534 11.16772 14.11732 17.56929 21.52635 25.96573 30.83507 36.04984 41.49312 47.01786 52.45221 57.60749 62.28855 66.30581 69.48789 71.69368 72.82269 72.82269 71.69368 69.48789 66.30581 62.28855 57.60749 52.45221 47.01786 41.49312 36.04984 30.83507 25.96573 21.52635 17.56929 14.11732 11.16772 10.01068 12.65469 15.74901 19.29609 23.27553 27.64037 32.31487 37.19419 42.14654 47.01786 51.63902 55.83509 59.43615 62.28855 64.2658 65.27784 65.27784 64.2658 62.28855 59.43615 55.83509 51.63902 47.01786 42.14654 37.19419 32.31487 27.64037 23.27553 19.29609 15.74901 12.65469 10.01068 8.834394 11.16772 13.89845 17.02874 20.54058 24.39254 28.51777 32.82376 37.19419 41.49312 45.57127 49.2743 52.45221 54.96945 56.71437 57.60749 57.60749 56.71437 54.96945 52.45221 49.2743 45.57127 41.49312 37.19419 32.82376 28.51777 24.39254 20.54058 17.02874 13.89845 11.16772 8.834394 7.675455 9.702684 12.07519 14.79483 17.84597 21.19261 24.77667 28.51777 32.31487 36.04984 39.59301 42.81025 45.57127 47.75828 49.2743 50.05025 50.05025 49.2743 47.75828 45.57127 42.81025 39.59301 36.04984 32.31487 28.51777 24.77667 21.19261 17.84597 14.79483 12.07519 9.702684 7.675455 6.565164 8.299145 10.32845 12.65469 15.26446 18.127 21.19261 24.39254 27.64037 30.83507 33.86569 36.61755 38.97918 40.84983 42.14654 42.81025 42.81025 42.14654 40.84983 38.97918 36.61755 33.86569 30.83507 27.64037 24.39254 21.19261 18.127 15.26446 12.65469 10.32845 8.299145 6.565164 5.528423 6.988581 8.69743 10.65631 12.85397 15.26446 17.84597 20.54058 23.27553 25.96573 28.51777 30.83507 32.82376 34.399 35.49094 36.04984 36.04984 35.49094 34.399 32.82376 30.83507 28.51777 25.96573 23.27553 20.54058 17.84597 15.26446 12.85397 10.65631 8.69743 6.988581 5.528423 4.583223 5.793737 7.210422 8.834394 10.65631 12.65469 14.79483 17.02874 19.29609 21.52635 23.64207 25.56317 27.21185 28.51777 29.42303 29.88637 29.88637 29.42303 28.51777 27.21185 25.56317 23.64207 21.52635 19.29609 17.02874 14.79483 12.65469 10.65631 8.834394 7.210422 5.793737 4.583223 3.740718 4.728711 5.884975 7.210422 8.69743 10.32845 12.07519 13.89845 15.74901 17.56929 19.29609 20.86405 22.20966 23.27553 24.01437 24.39254 24.39254 24.01437 23.27553 22.20966 20.86405 19.29609 17.56929 15.74901 13.89845 12.07519 10.32845 8.69743 7.210422 5.884975 4.728711 3.740718 3.005751 3.799626 4.728711 5.793737 6.988581 8.299145 9.702684 11.16772 12.65469 14.11732 15.50484 16.76473 17.84597 18.70241 19.29609 19.59996 19.59996 19.29609 18.70241 17.84597 16.76473 15.50484 14.11732 12.65469 11.16772 9.702684 8.299145 6.988581 5.793737 4.728711 3.799626 3.005751 2.377745 3.005751 3.740718 4.583223 5.528423 6.565164 7.675455 8.834394 10.01068 11.16772 12.26534 13.262 14.11732 14.79483 15.26446 15.50484 15.50484 15.26446 14.79483 14.11732 13.262 12.26534 11.16772 10.01068 8.834394 7.675455 6.565164 5.528423 4.583223 3.740718 3.005751 2.377745
