64 64
0.000003 0.000005 0.000007 0.000010 0.000014 0.000020 0.000028 0.000038 0.000051 0.000069 0.000091 0.000118 0.000152 0.000194 0.000243 0.000302 0.000370 0.000448 0.000536 0.000634 0.000739 0.000852 0.000970 0.001091 0.001211 0.001329 0.001440 0.001541 0.001629 0.001701 0.001754 0.001787 0.001798 0.001787 0.001754 0.001701 0.001629 0.001541 0.001440 0.001329 0.001211 0.001091 0.000970 0.000852 0.000739 0.000634 0.000536 0.000448 0.000370 0.000302 0.000243 0.000194 0.000152 0.000118 0.000091 0.000069 0.000051 0.000038 0.000028 0.000020 0.000014 0.000010 0.000007 0.000005 0.000005 0.000007 0.000010 0.000015 0.000021 0.000029 0.000041 0.000056 0.000076 0.000101 0.000134 0.000174 0.000225 0.000286 0.000359 0.000446 0.000546 0.000662 0.000791 0.000935 0.001091 0.001257 0.001431 0.001609 0.001787 0.001960 0.002124 0.002274 0.002403 0.002510 0.002588 0.002637 0.002653 0.002637 0.002588 0.002510 0.002403 0.002274 0.002124 0.001960 0.001787 0.001609 0.001431 0.001257 0.001091 0.000935 0.000791 0.000662 0.000546 0.000446 0.000359 0.000286 0.000225 0.000174 0.000134 0.000101 0.000076 0.000056 0.000041 0.000029 0.000021 0.000015 0.000010 0.000007 0.000007 0.000010 0.000015 0.000022 0.000031 0.000043 0.000060 0.000082 0.000110 0.000148 0.000195 0.000254 0.000327 0.000416 0.000523 0.000649 0.000796 0.000964 0.001153 0.001362 0.001589 0.001832 0.002085 0.002345 0.002604 0.002857 0.003096 0.003313 0.003502 0.003657 0.003772 0.003842 0.003866 0.003842 0.003772 0.003657 0.003502 0.003313 0.003096 0.002857 0.002604 0.002345 0.002085 0.001832 0.001589 0.001362 0.001153 0.000964 0.000796 0.000649 0.000523 0.000416 0.000327 0.000254 0.000195 0.000148 0.000110 0.000082 0.000060 0.000043 0.000031 0.000022 0.000015 0.000010 0.000010 0.000015 0.000022 0.000031 0.000044 0.000062 0.000086 0.000117 0.000159 0.000212 0.000280 0.000366 0.000471 0.000599 0.000753 0.000935 0.001146 0.001388 0.001660 0.001960 0.002288 0.002637 0.003002 0.003375 0.003748 0.004112 0.004456 0.004769 0.005041 0.005264 0.005429 0.005530 0.005564 0.005530 0.005429 0.005264 0.005041 0.004769 0.004456 0.004112 0.003748 0.003375 0.003002 0.002637 0.002288 0.001960 0.001660 0.001388 0.001146 0.000935 0.000753 0.000599 0.000471 0.000366 0.000280 0.000212 0.000159 0.000117 0.000086 0.000062 0.000044 0.000031 0.000022 0.000015 0.000014 0.000021 0.000031 0.000044 0.000063 0.000088 0.000122 0.000167 0.000226 0.000302 0.000399 0.000520 0.000670 0.000852 0.001071 0.001329 0.001629 0.001973 0.002359 0.002787 0.003252 0.003748 0.004267 0.004798 0.005329 0.005846 0.006335 0.006780 0.007167 0.007483 0.007718 0.007862 0.007911 0.007862 0.007718 0.007483 0.007167 0.006780 0.006335 0.005846 0.005329 0.004798 0.004267 0.003748 0.003252 0.002787 0.002359 0.001973 0.001629 0.001329 0.001071 0.000852 0.000670 0.000520 0.000399 0.000302 0.000226 0.000167 0.000122 0.000088 0.000063 0.000044 0.000031 0.000021 0.000020 0.000029 0.000043 0.000062 0.000088 0.000123 0.000171 0.000235 0.000317 0.000424 0.000560 0.000730 0.000940 0.001196 0.001503 0.001866 0.002288 0.002770 0.003313 0.003914 0.004567 0.005264 0.005992 0.006738 0.007483 0.008209 0.008895 0.009520 0.010064 0.010509 0.010838 0.011041 0.011109 0.011041 0.010838 0.010509 0.010064 0.009520 0.008895 0.008209 0.007483 0.006738 0.005992 0.005264 0.004567 0.003914 0.003313 0.002770 0.002288 0.001866 0.001503 0.001196 0.000940 0.000730 0.000560 0.000424 0.000317 0.000235 0.000171 0.000123 0.000088 0.000062 0.000043 0.000029 0.000028 0.000041 0.000060 0.000086 0.000122 0.000171 0.000237 0.000325 0.000440 0.000588 0.000777 0.001013 0.001304 0.001660 0.002085 0.002588 0.003173 0.003842 0.004595 0.005429 0.006335 0.007301 0.008311 0.009346 0.010380 0.011387 0.012338 0.013205 0.013959 0.014576 0.015033 0.015314 0.015408 0.015314 0.015033 0.014576 0.013959 0.013205 0.012338 0.011387 0.010380 0.009346 0.008311 0.007301 0.006335 0.005429 0.004595 0.003842 0.003173 0.002588 0.002085 0.001660 0.001304 0.001013 0.000777 0.000588 0.000440 0.000325 0.000237 0.000171 0.000122 0.000086 0.000060 0.000041 0.000038 0.000056 0.000082 0.000117 0.000167 0.000235 0.000325 0.000446 0.000603 0.000806 0.001064 0.001388 0.001787 0.002274 0.002857 0.003546 0.004347 0.005264 0.006296 0.007437 0.008678 0.010002 0.011387 0.012804 0.014220 0.015600 0.016903 0.018091 0.019124 0.019969 0.020595 0.020980 0.021110 0.020980 0.020595 0.019969 0.019124 0.018091 0.016903 0.015600 0.014220 0.012804 0.011387 0.010002 0.008678 0.007437 0.006296 0.005264 0.004347 0.003546 0.002857 0.002274 0.001787 0.001388 0.001064 0.000806 0.000603 0.000446 0.000325 0.000235 0.000167 0.000117 0.000082 0.000056 0.000051 0.000076 0.000110 0.000159 0.000226 0.000317 0.000440 0.000603 0.000816 0.001091 0.001440 0.001878 0.002418 0.003077 0.003866 0.004798 0.005882 0.007123 0.008519 0.010064 0.011744 0.013535 0.015408 0.017326 0.019243 0.021110 0.022873 0.024481 0.025879 0.027022 0.027869 0.028390 0.028566 0.028390 0.027869 0.027022 0.025879 0.024481 0.022873 0.021110 0.019243 0.017326 0.015408 0.013535 0.011744 0.010064 0.008519 0.007123 0.005882 0.004798 0.003866 0.003077 0.002418 0.001878 0.001440 0.001091 0.000816 0.000603 0.000440 0.000317 0.000226 0.000159 0.000110 0.000076 0.000069 0.000101 0.000148 0.000212 0.000302 0.000424 0.000588 0.000806 0.001091 0.001458 0.001925 0.002510 0.003232 0.004112 0.005167 0.006413 0.007862 0.009520 0.011387 0.013452 0.015696 0.018091 0.020595 0.023158 0.025720 0.028215 0.030573 0.032721 0.034590 0.036117 0.037249 0.037945 0.038180 0.037945 0.037249 0.036117 0.034590 0.032721 0.030573 0.028215 0.025720 0.023158 0.020595 0.018091 0.015696 0.013452 0.011387 0.009520 0.007862 0.006413 0.005167 0.004112 0.003232 0.002510 0.001925 0.001458 0.001091 0.000806 0.000588 0.000424 0.000302 0.000212 0.000148 0.000101 0.000091 0.000134 0.000195 0.000280 0.000399 0.000560 0.000777 0.001064 0.001440 0.001925 0.002541 0.003313 0.004267 0.005429 0.006822 0.008467 0.010380 0.012569 0.015033 0.017759 0.020722 0.023883 0.027189 0.030573 0.033955 0.037249 0.040362 0.043197 0.045665 0.047682 0.049176 0.050095 0.050406 0.050095 0.049176 0.047682 0.045665 0.043197 0.040362 0.037249 0.033955 0.030573 0.027189 0.023883 0.020722 0.017759 0.015033 0.012569 0.010380 0.008467 0.006822 0.005429 0.004267 0.003313 0.002541 0.001925 0.001440 0.001064 0.000777 0.000560 0.000399 0.000280 0.000195 0.000134 0.000118 0.000174 0.000254 0.000366 0.000520 0.000730 0.001013 0.001388 0.001878 0.002510 0.003313 0.004320 0.005564 0.007079 0.008895 0.011041 0.013535 0.016390 0.019602 0.023158 0.027022 0.031144 0.035454 0.039866 0.044277 0.048573 0.052631 0.056329 0.059547 0.062177 0.064125 0.065324 0.065729 0.065324 0.064125 0.062177 0.059547 0.056329 0.052631 0.048573 0.044277 0.039866 0.035454 0.031144 0.027022 0.023158 0.019602 0.016390 0.013535 0.011041 0.008895 0.007079 0.005564 0.004320 0.003313 0.002510 0.001878 0.001388 0.001013 0.000730 0.000520 0.000366 0.000254 0.000174 0.000152 0.000225 0.000327 0.000471 0.000670 0.000940 0.001304 0.001787 0.002418 0.003232 0.004267 0.005564 0.007167 0.009118 0.011457 0.014220 0.017433 0.021110 0.025248 0.029827 0.034804 0.040113 0.045665 0.051348 0.057029 0.062562 0.067789 0.072552 0.076696 0.080083 0.082593 0.084137 0.084658 0.084137 0.082593 0.080083 0.076696 0.072552 0.067789 0.062562 0.057029 0.051348 0.045665 0.040113 0.034804 0.029827 0.025248 0.021110 0.017433 0.014220 0.011457 0.009118 0.007167 0.005564 0.004267 0.003232 0.002418 0.001787 0.001304 0.000940 0.000670 0.000471 0.000327 0.000225 0.000194 0.000286 0.000416 0.000599 0.000852 0.001196 0.001660 0.002274 0.003077 0.004112 0.005429 0.007079 0.009118 0.011600 0.014576 0.018091 0.022178 0.026856 0.032120 0.037945 0.044277 0.051032 0.058095 0.065324 0.072552 0.079590 0.086240 0.092300 0.097572 0.101881 0.105074 0.107038 0.107701 0.107038 0.105074 0.101881 0.097572 0.092300 0.086240 0.079590 0.072552 0.065324 0.058095 0.051032 0.044277 0.037945 0.032120 0.026856 0.022178 0.018091 0.014576 0.011600 0.009118 0.007079 0.005429 0.004112 0.003077 0.002274 0.001660 0.001196 0.000852 0.000599 0.000416 0.000286 0.000243 0.000359 0.000523 0.000753 0.001071 0.001503 0.002085 0.002857 0.003866 0.005167 0.006822 0.008895 0.011457 0.014576 0.018316 0.022733 0.027869 0.033746 0.040362 0.047682 0.055638 0.064125 0.073001 0.082085 0.091167 0.100012 0.108368 0.115982 0.122608 0.128022 0.132035 0.134502 0.135335 0.134502 0.132035 0.128022 0.122608 0.115982 0.108368 0.100012 0.091167 0.082085 0.073001 0.064125 0.055638 0.047682 0.040362 0.033746 0.027869 0.022733 0.018316 0.014576 0.011457 0.008895 0.006822 0.005167 0.003866 0.002857 0.002085 0.001503 0.001071 0.000753 0.000523 0.000359 0.000302 0.000446 0.000649 0.000935 0.001329 0.001866 0.002588 0.003546 0.004798 0.006413 0.008467 0.011041 0.014220 0.018091 0.022733 0.028215 0.034590 0.041884 0.050095 0.059181 0.069056 0.079590 0.090606 0.101881 0.113153 0.124131 0.134502 0.143953 0.152176 0.158896 0.163877 0.166940 0.167973 0.166940 0.163877 0.158896 0.152176 0.143953 0.134502 0.124131 0.113153 0.101881 0.090606 0.079590 0.069056 0.059181 0.050095 0.041884 0.034590 0.028215 0.022733 0.018091 0.014220 0.011041 0.008467 0.006413 0.004798 0.003546 0.002588 0.001866 0.001329 0.000935 0.000649 0.000446 0.000370 0.000546 0.000796 0.001146 0.001629 0.002288 0.003173 0.004347 0.005882 0.007862 0.010380 0.013535 0.017433 0.022178 0.027869 0.034590 0.042405 0.051348 0.061414 0.072552 0.084658 0.097572 0.111077 0.124899 0.138718 0.152176 0.164891 0.176476 0.186558 0.194796 0.200902 0.204657 0.205924 0.204657 0.200902 0.194796 0.186558 0.176476 0.164891 0.152176 0.138718 0.124899 0.111077 0.097572 0.084658 0.072552 0.061414 0.051348 0.042405 0.034590 0.027869 0.022178 0.017433 0.013535 0.010380 0.007862 0.005882 0.004347 0.003173 0.002288 0.001629 0.001146 0.000796 0.000546 0.000448 0.000662 0.000964 0.001388 0.001973 0.002770 0.003842 0.005264 0.007123 0.009520 0.012569 0.016390 0.021110 0.026856 0.033746 0.041884 0.051348 0.062177 0.074365 0.087852 0.102512 0.118150 0.134502 0.151240 0.167973 0.184269 0.199666 0.213694 0.225902 0.235877 0.243271 0.247818 0.249352 0.247818 0.243271 0.235877 0.225902 0.213694 0.199666 0.184269 0.167973 0.151240 0.134502 0.118150 0.102512 0.087852 0.074365 0.062177 0.051348 0.041884 0.033746 0.026856 0.021110 0.016390 0.012569 0.009520 0.007123 0.005264 0.003842 0.002770 0.001973 0.001388 0.000964 0.000662 0.000536 0.000791 0.001153 0.001660 0.002359 0.003313 0.004595 0.006296 0.008519 0.011387 0.015033 0.019602 0.025248 0.032120 0.040362 0.050095 0.061414 0.074365 0.088944 0.105074 0.122608 0.141311 0.160870 0.180888 0.200902 0.220392 0.238807 0.255586 0.270187 0.282117 0.290960 0.296399 0.298234 0.296399 0.290960 0.282117 0.270187 0.255586 0.238807 0.220392 0.200902 0.180888 0.160870 0.141311 0.122608 0.105074 0.088944 0.074365 0.061414 0.050095 0.040362 0.032120 0.025248 0.019602 0.015033 0.011387 0.008519 0.006296 0.004595 0.003313 0.002359 0.001660 0.001153 0.000791 0.000634 0.000935 0.001362 0.001960 0.002787 0.003914 0.005429 0.007437 0.010064 0.013452 0.017759 0.023158 0.029827 0.037945 0.047682 0.059181 0.072552 0.087852 0.105074 0.124131 0.144844 0.166940 0.190045 0.213694 0.237338 0.260363 0.282117 0.301939 0.319188 0.333282 0.343729 0.350154 0.352322 0.350154 0.343729 0.333282 0.319188 0.301939 0.282117 0.260363 0.237338 0.213694 0.190045 0.166940 0.144844 0.124131 0.105074 0.087852 0.072552 0.059181 0.047682 0.037945 0.029827 0.023158 0.017759 0.013452 0.010064 0.007437 0.005429 0.003914 0.002787 0.001960 0.001362 0.000935 0.000739 0.001091 0.001589 0.002288 0.003252 0.004567 0.006335 0.008678 0.011744 0.015696 0.020722 0.027022 0.034804 0.044277 0.055638 0.069056 0.084658 0.102512 0.122608 0.144844 0.169013 0.194796 0.221757 0.249352 0.276941 0.303808 0.329193 0.352322 0.372449 0.388896 0.401086 0.408582 0.411112 0.408582 0.401086 0.388896 0.372449 0.352322 0.329193 0.303808 0.276941 0.249352 0.221757 0.194796 0.169013 0.144844 0.122608 0.102512 0.084658 0.069056 0.055638 0.044277 0.034804 0.027022 0.020722 0.015696 0.011744 0.008678 0.006335 0.004567 0.003252 0.002288 0.001589 0.001091 0.000852 0.001257 0.001832 0.002637 0.003748 0.005264 0.007301 0.010002 0.013535 0.018091 0.023883 0.031144 0.040113 0.051032 0.064125 0.079590 0.097572 0.118150 0.141311 0.166940 0.194796 0.224512 0.255586 0.287390 0.319188 0.350154 0.379411 0.406068 0.429266 0.448221 0.462271 0.470911 0.473827 0.470911 0.462271 0.448221 0.429266 0.406068 0.379411 0.350154 0.319188 0.287390 0.255586 0.224512 0.194796 0.166940 0.141311 0.118150 0.097572 0.079590 0.064125 0.051032 0.040113 0.031144 0.023883 0.018091 0.013535 0.010002 0.007301 0.005264 0.003748 0.002637 0.001832 0.001257 0.000970 0.001431 0.002085 0.003002 0.004267 0.005992 0.008311 0.011387 0.015408 0.020595 0.027189 0.035454 0.045665 0.058095 0.073001 0.090606 0.111077 0.134502 0.160870 0.190045 0.221757 0.255586 0.290960 0.327167 0.363366 0.398617 0.431924 0.462271 0.488679 0.510258 0.526252 0.536088 0.539408 0.536088 0.526252 0.510258 0.488679 0.462271 0.431924 0.398617 0.363366 0.327167 0.290960 0.255586 0.221757 0.190045 0.160870 0.134502 0.111077 0.090606 0.073001 0.058095 0.045665 0.035454 0.027189 0.020595 0.015408 0.011387 0.008311 0.005992 0.004267 0.003002 0.002085 0.001431 0.001091 0.001609 0.002345 0.003375 0.004798 0.006738 0.009346 0.012804 0.017326 0.023158 0.030573 0.039866 0.051348 0.065324 0.082085 0.101881 0.124899 0.151240 0.180888 0.213694 0.249352 0.287390 0.327167 0.367879 0.408582 0.448221 0.485672 0.519795 0.549490 0.573753 0.591738 0.602798 0.606531 0.602798 0.591738 0.573753 0.549490 0.519795 0.485672 0.448221 0.408582 0.367879 0.327167 0.287390 0.249352 0.213694 0.180888 0.151240 0.124899 0.101881 0.082085 0.065324 0.051348 0.039866 0.030573 0.023158 0.017326 0.012804 0.009346 0.006738 0.004798 0.003375 0.002345 0.001609 0.001211 0.001787 0.002604 0.003748 0.005329 0.007483 0.010380 0.014220 0.019243 0.025720 0.033955 0.044277 0.057029 0.072552 0.091167 0.113153 0.138718 0.167973 0.200902 0.237338 0.276941 0.319188 0.363366 0.408582 0.453789 0.497813 0.539408 0.577306 0.610286 0.637235 0.657209 0.669493 0.673638 0.669493 0.657209 0.637235 0.610286 0.577306 0.539408 0.497813 0.453789 0.408582 0.363366 0.319188 0.276941 0.237338 0.200902 0.167973 0.138718 0.113153 0.091167 0.072552 0.057029 0.044277 0.033955 0.025720 0.019243 0.014220 0.010380 0.007483 0.005329 0.003748 0.002604 0.001787 0.001329 0.001960 0.002857 0.004112 0.005846 0.008209 0.011387 0.015600 0.021110 0.028215 0.037249 0.048573 0.062562 0.079590 0.100012 0.124131 0.152176 0.184269 0.220392 0.260363 0.303808 0.350154 0.398617 0.448221 0.497813 0.546108 0.591738 0.633313 0.669493 0.699056 0.720968 0.734444 0.738991 0.734444 0.720968 0.699056 0.669493 0.633313 0.591738 0.546108 0.497813 0.448221 0.398617 0.350154 0.303808 0.260363 0.220392 0.184269 0.152176 0.124131 0.100012 0.079590 0.062562 0.048573 0.037249 0.028215 0.021110 0.015600 0.011387 0.008209 0.005846 0.004112 0.002857 0.001960 0.001440 0.002124 0.003096 0.004456 0.006335 0.008895 0.012338 0.016903 0.022873 0.030573 0.040362 0.052631 0.067789 0.086240 0.108368 0.134502 0.164891 0.199666 0.238807 0.282117 0.329193 0.379411 0.431924 0.485672 0.539408 0.591738 0.641180 0.686229 0.725432 0.757465 0.781208 0.795810 0.800737 0.795810 0.781208 0.757465 0.725432 0.686229 0.641180 0.591738 0.539408 0.485672 0.431924 0.379411 0.329193 0.282117 0.238807 0.199666 0.164891 0.134502 0.108368 0.086240 0.067789 0.052631 0.040362 0.030573 0.022873 0.016903 0.012338 0.008895 0.006335 0.004456 0.003096 0.002124 0.001541 0.002274 0.003313 0.004769 0.006780 0.009520 0.013205 0.018091 0.024481 0.032721 0.043197 0.056329 0.072552 0.092300 0.115982 0.143953 0.176476 0.213694 0.255586 0.301939 0.352322 0.406068 0.462271 0.519795 0.577306 0.633313 0.686229 0.734444 0.776401 0.810684 0.836096 0.851723 0.856997 0.851723 0.836096 0.810684 0.776401 0.734444 0.686229 0.633313 0.577306 0.519795 0.462271 0.406068 0.352322 0.301939 0.255586 0.213694 0.176476 0.143953 0.115982 0.092300 0.072552 0.056329 0.043197 0.032721 0.024481 0.018091 0.013205 0.009520 0.006780 0.004769 0.003313 0.002274 0.001629 0.002403 0.003502 0.005041 0.007167 0.010064 0.013959 0.019124 0.025879 0.034590 0.045665 0.059547 0.076696 0.097572 0.122608 0.152176 0.186558 0.225902 0.270187 0.319188 0.372449 0.429266 0.488679 0.549490 0.610286 0.669493 0.725432 0.776401 0.820755 0.856997 0.883860 0.900380 0.905955 0.900380 0.883860 0.856997 0.820755 0.776401 0.725432 0.669493 0.610286 0.549490 0.488679 0.429266 0.372449 0.319188 0.270187 0.225902 0.186558 0.152176 0.122608 0.097572 0.076696 0.059547 0.045665 0.034590 0.025879 0.019124 0.013959 0.010064 0.007167 0.005041 0.003502 0.002403 0.001701 0.002510 0.003657 0.005264 0.007483 0.010509 0.014576 0.019969 0.027022 0.036117 0.047682 0.062177 0.080083 0.101881 0.128022 0.158896 0.194796 0.235877 0.282117 0.333282 0.388896 0.448221 0.510258 0.573753 0.637235 0.699056 0.757465 0.810684 0.856997 0.894839 0.922888 0.940138 0.945959 0.940138 0.922888 0.894839 0.856997 0.810684 0.757465 0.699056 0.637235 0.573753 0.510258 0.448221 0.388896 0.333282 0.282117 0.235877 0.194796 0.158896 0.128022 0.101881 0.080083 0.062177 0.047682 0.036117 0.027022 0.019969 0.014576 0.010509 0.007483 0.005264 0.003657 0.002510 0.001754 0.002588 0.003772 0.005429 0.007718 0.010838 0.015033 0.020595 0.027869 0.037249 0.049176 0.064125 0.082593 0.105074 0.132035 0.163877 0.200902 0.243271 0.290960 0.343729 0.401086 0.462271 0.526252 0.591738 0.657209 0.720968 0.781208 0.836096 0.883860 0.922888 0.951817 0.969607 0.975611 0.969607 0.951817 0.922888 0.883860 0.836096 0.781208 0.720968 0.657209 0.591738 0.526252 0.462271 0.401086 0.343729 0.290960 0.243271 0.200902 0.163877 0.132035 0.105074 0.082593 0.064125 0.049176 0.037249 0.027869 0.020595 0.015033 0.010838 0.007718 0.005429 0.003772 0.002588 0.001787 0.002637 0.003842 0.005530 0.007862 0.011041 0.015314 0.020980 0.028390 0.037945 0.050095 0.065324 0.084137 0.107038 0.134502 0.166940 0.204657 0.247818 0.296399 0.350154 0.408582 0.470911 0.536088 0.602798 0.669493 0.734444 0.795810 0.851723 0.900380 0.940138 0.969607 0.987730 0.993846 0.987730 0.969607 0.940138 0.900380 0.851723 0.795810 0.734444 0.669493 0.602798 0.536088 0.470911 0.408582 0.350154 0.296399 0.247818 0.204657 0.166940 0.134502 0.107038 0.084137 0.065324 0.050095 0.037945 0.028390 0.020980 0.015314 0.011041 0.007862 0.005530 0.003842 0.002637 0.001798 0.002653 0.003866 0.005564 0.007911 0.011109 0.015408 0.021110 0.028566 0.038180 0.050406 0.065729 0.084658 0.107701 0.135335 0.167973 0.205924 0.249352 0.298234 0.352322 0.411112 0.473827 0.539408 0.606531 0.673638 0.738991 0.800737 0.856997 0.905955 0.945959 0.975611 0.993846 1.000000 0.993846 0.975611 0.945959 0.905955 0.856997 0.800737 0.738991 0.673638 0.606531 0.539408 0.473827 0.411112 0.352322 0.298234 0.249352 0.205924 0.167973 0.135335 0.107701 0.084658 0.065729 0.050406 0.038180 0.028566 0.021110 0.015408 0.011109 0.007911 0.005564 0.003866 0.002653 0.001787 0.002637 0.003842 0.005530 0.007862 0.011041 0.015314 0.020980 0.028390 0.037945 0.050095 0.065324 0.084137 0.107038 0.134502 0.166940 0.204657 0.247818 0.296399 0.350154 0.408582 0.470911 0.536088 0.602798 0.669493 0.734444 0.795810 0.851723 0.900380 0.940138 0.969607 0.987730 0.993846 0.987730 0.969607 0.940138 0.900380 0.851723 0.795810 0.734444 0.669493 0.602798 0.536088 0.470911 0.408582 0.350154 0.296399 0.247818 0.204657 0.166940 0.134502 0.107038 0.084137 0.065324 0.050095 0.037945 0.028390 0.020980 0.015314 0.011041 0.007862 0.005530 0.003842 0.002637 0.001754 0.002588 0.003772 0.005429 0.007718 0.010838 0.015033 0.020595 0.027869 0.037249 0.049176 0.064125 0.082593 0.105074 0.132035 0.163877 0.200902 0.243271 0.290960 0.343729 0.401086 0.462271 0.526252 0.591738 0.657209 0.720968 0.781208 0.836096 0.883860 0.922888 0.951817 0.969607 0.975611 0.969607 0.951817 0.922888 0.883860 0.836096 0.781208 0.720968 0.657209 0.591738 0.526252 0.462271 0.401086 0.343729 0.290960 0.243271 0.200902 0.163877 0.132035 0.105074 0.082593 0.064125 0.049176 0.037249 0.027869 0.020595 0.015033 0.010838 0.007718 0.005429 0.003772 0.002588 0.001701 0.002510 0.003657 0.005264 0.007483 0.010509 0.014576 0.019969 0.027022 0.036117 0.047682 0.062177 0.080083 0.101881 0.128022 0.158896 0.194796 0.235877 0.282117 0.333282 0.388896 0.448221 0.510258 0.573753 0.637235 0.699056 0.757465 0.810684 0.856997 0.894839 0.922888 0.940138 0.945959 0.940138 0.922888 0.894839 0.856997 0.810684 0.757465 0.699056 0.637235 0.573753 0.510258 0.448221 0.388896 0.333282 0.282117 0.235877 0.194796 0.158896 0.128022 0.101881 0.080083 0.062177 0.047682 0.036117 0.027022 0.019969 0.014576 0.010509 0.007483 0.005264 0.003657 0.002510 0.001629 0.002403 0.003502 0.005041 0.007167 0.010064 0.013959 0.019124 0.025879 0.034590 0.045665 0.059547 0.076696 0.097572 0.122608 0.152176 0.186558 0.225902 0.270187 0.319188 0.372449 0.429266 0.488679 0.549490 0.610286 0.669493 0.725432 0.776401 0.820755 0.856997 0.883860 0.900380 0.905955 0.900380 0.883860 0.856997 0.820755 0.776401 0.725432 0.669493 0.610286 0.549490 0.488679 0.429266 0.372449 0.319188 0.270187 0.225902 0.186558 0.152176 0.122608 0.097572 0.076696 0.059547 0.045665 0.034590 0.025879 0.019124 0.013959 0.010064 0.007167 0.005041 0.003502 0.002403 0.001541 0.002274 0.003313 0.004769 0.006780 0.009520 0.013205 0.018091 0.024481 0.032721 0.043197 0.056329 0.072552 0.092300 0.115982 0.143953 0.176476 0.213694 0.255586 0.301939 0.352322 0.406068 0.462271 0.519795 0.577306 0.633313 0.686229 0.734444 0.776401 0.810684 0.836096 0.851723 0.856997 0.851723 0.836096 0.810684 0.776401 0.734444 0.686229 0.633313 0.577306 0.519795 0.462271 0.406068 0.352322 0.301939 0.255586 0.213694 0.176476 0.143953 0.115982 0.092300 0.072552 0.056329 0.043197 0.032721 0.024481 0.018091 0.013205 0.009520 0.006780 0.004769 0.003313 0.002274 0.001440 0.002124 0.003096 0.004456 0.006335 0.008895 0.012338 0.016903 0.022873 0.030573 0.040362 0.052631 0.067789 0.086240 0.108368 0.134502 0.164891 0.199666 0.238807 0.282117 0.329193 0.379411 0.431924 0.485672 0.539408 0.591738 0.641180 0.686229 0.725432 0.757465 0.781208 0.795810 0.800737 0.795810 0.781208 0.757465 0.725432 0.686229 0.641180 0.591738 0.539408 0.485672 0.431924 0.379411 0.329193 0.282117 0.238807 0.199666 0.164891 0.134502 0.108368 0.086240 0.067789 0.052631 0.040362 0.030573 0.022873 0.016903 0.012338 0.008895 0.006335 0.004456 0.003096 0.002124 0.001329 0.001960 0.002857 0.004112 0.005846 0.008209 0.011387 0.015600 0.021110 0.028215 0.037249 0.048573 0.062562 0.079590 0.100012 0.124131 0.152176 0.184269 0.220392 0.260363 0.303808 0.350154 0.398617 0.448221 0.497813 0.546108 0.591738 0.633313 0.669493 0.699056 0.720968 0.734444 0.738991 0.734444 0.720968 0.699056 0.669493 0.633313 0.591738 0.546108 0.497813 0.448221 0.398617 0.350154 0.303808 0.260363 0.220392 0.184269 0.152176 0.124131 0.100012 0.079590 0.062562 0.048573 0.037249 0.028215 0.021110 0.015600 0.011387 0.008209 0.005846 0.004112 0.002857 0.001960 0.001211 0.001787 0.002604 0.003748 0.005329 0.007483 0.010380 0.014220 0.019243 0.025720 0.033955 0.044277 0.057029 0.072552 0.091167 0.113153 0.138718 0.167973 0.200902 0.237338 0.276941 0.319188 0.363366 0.408582 0.453789 0.497813 0.539408 0.577306 0.610286 0.637235 0.657209 0.669493 0.673638 0.669493 0.657209 0.637235 0.610286 0.577306 0.539408 0.497813 0.453789 0.408582 0.363366 0.319188 0.276941 0.237338 0.200902 0.167973 0.138718 0.113153 0.091167 0.072552 0.057029 0.044277 0.033955 0.025720 0.019243 0.014220 0.010380 0.007483 0.005329 0.003748 0.002604 0.001787 0.001091 0.001609 0.002345 0.003375 0.004798 0.006738 0.009346 0.012804 0.017326 0.023158 0.030573 0.039866 0.051348 0.065324 0.082085 0.101881 0.124899 0.151240 0.180888 0.213694 0.249352 0.287390 0.327167 0.367879 0.408582 0.448221 0.485672 0.519795 0.549490 0.573753 0.591738 0.602798 0.606531 0.602798 0.591738 0.573753 0.549490 0.519795 0.485672 0.448221 0.408582 0.367879 0.327167 0.287390 0.249352 0.213694 0.180888 0.151240 0.124899 0.101881 0.082085 0.065324 0.051348 0.039866 0.030573 0.023158 0.017326 0.012804 0.009346 0.006738 0.004798 0.003375 0.002345 0.001609 0.000970 0.001431 0.002085 0.003002 0.004267 0.005992 0.008311 0.011387 0.015408 0.020595 0.027189 0.035454 0.045665 0.058095 0.073001 0.090606 0.111077 0.134502 0.160870 0.190045 0.221757 0.255586 0.290960 0.327167 0.363366 0.398617 0.431924 0.462271 0.488679 0.510258 0.526252 0.536088 0.539408 0.536088 0.526252 0.510258 0.488679 0.462271 0.431924 0.398617 0.363366 0.327167 0.290960 0.255586 0.221757 0.190045 0.160870 0.134502 0.111077 0.090606 0.073001 0.058095 0.045665 0.035454 0.027189 0.020595 0.015408 0.011387 0.008311 0.005992 0.004267 0.003002 0.002085 0.001431 0.000852 0.001257 0.001832 0.002637 0.003748 0.005264 0.007301 0.010002 0.013535 0.018091 0.023883 0.031144 0.040113 0.051032 0.064125 0.079590 0.097572 0.118150 0.141311 0.166940 0.194796 0.224512 0.255586 0.287390 0.319188 0.350154 0.379411 0.406068 0.429266 0.448221 0.462271 0.470911 0.473827 0.470911 0.462271 0.448221 0.429266 0.406068 0.379411 0.350154 0.319188 0.287390 0.255586 0.224512 0.194796 0.166940 0.141311 0.118150 0.097572 0.079590 0.064125 0.051032 0.040113 0.031144 0.023883 0.018091 0.013535 0.010002 0.007301 0.005264 0.003748 0.002637 0.001832 0.001257 0.000739 0.001091 0.001589 0.002288 0.003252 0.004567 0.006335 0.008678 0.011744 0.015696 0.020722 0.027022 0.034804 0.044277 0.055638 0.069056 0.084658 0.102512 0.122608 0.144844 0.169013 0.194796 0.221757 0.249352 0.276941 0.303808 0.329193 0.352322 0.372449 0.388896 0.401086 0.408582 0.411112 0.408582 0.401086 0.388896 0.372449 0.352322 0.329193 0.303808 0.276941 0.249352 0.221757 0.194796 0.169013 0.144844 0.122608 0.102512 0.084658 0.069056 0.055638 0.044277 0.034804 0.027022 0.020722 0.015696 0.011744 0.008678 0.006335 0.004567 0.003252 0.002288 0.001589 0.001091 0.000634 0.000935 0.001362 0.001960 0.002787 0.003914 0.005429 0.007437 0.010064 0.013452 0.017759 0.023158 0.029827 0.037945 0.047682 0.059181 0.072552 0.087852 0.105074 0.124131 0.144844 0.166940 0.190045 0.213694 0.237338 0.260363 0.282117 0.301939 0.319188 0.333282 0.343729 0.350154 0.352322 0.350154 0.343729 0.333282 0.319188 0.301939 0.282117 0.260363 0.237338 0.213694 0.190045 0.166940 0.144844 0.124131 0.105074 0.087852 0.072552 0.059181 0.047682 0.037945 0.029827 0.023158 0.017759 0.013452 0.010064 0.007437 0.005429 0.003914 0.002787 0.001960 0.001362 0.000935 0.000536 0.000791 0.001153 0.001660 0.002359 0.003313 0.004595 0.006296 0.008519 0.011387 0.015033 0.019602 0.025248 0.032120 0.040362 0.050095 0.061414 0.074365 0.088944 0.105074 0.122608 0.141311 0.160870 0.180888 0.200902 0.220392 0.238807 0.255586 0.270187 0.282117 0.290960 0.296399 0.298234 0.296399 0.290960 0.282117 0.270187 0.255586 0.238807 0.220392 0.200902 0.180888 0.160870 0.141311 0.122608 0.105074 0.088944 0.074365 0.061414 0.050095 0.040362 0.032120 0.025248 0.019602 0.015033 0.011387 0.008519 0.006296 0.004595 0.003313 0.002359 0.001660 0.001153 0.000791 0.000448 0.000662 0.000964 0.001388 0.001973 0.002770 0.003842 0.005264 0.007123 0.009520 0.012569 0.016390 0.021110 0.026856 0.033746 0.041884 0.051348 0.062177 0.074365 0.087852 0.102512 0.118150 0.134502 0.151240 0.167973 0.184269 0.199666 0.213694 0.225902 0.235877 0.243271 0.247818 0.249352 0.247818 0.243271 0.235877 0.225902 0.213694 0.199666 0.184269 0.167973 0.151240 0.134502 0.118150 0.102512 0.087852 0.074365 0.062177 0.051348 0.041884 0.033746 0.026856 0.021110 0.016390 0.012569 0.009520 0.007123 0.005264 0.003842 0.002770 0.001973 0.001388 0.000964 0.000662 0.000370 0.000546 0.000796 0.001146 0.001629 0.002288 0.003173 0.004347 0.005882 0.007862 0.010380 0.013535 0.017433 0.022178 0.027869 0.034590 0.042405 0.051348 0.061414 0.072552 0.084658 0.097572 0.111077 0.124899 0.138718 0.152176 0.164891 0.176476 0.186558 0.194796 0.200902 0.204657 0.205924 0.204657 0.200902 0.194796 0.186558 0.176476 0.164891 0.152176 0.138718 0.124899 0.111077 0.097572 0.084658 0.072552 0.061414 0.051348 0.042405 0.034590 0.027869 0.022178 0.017433 0.013535 0.010380 0.007862 0.005882 0.004347 0.003173 0.002288 0.001629 0.001146 0.000796 0.000546 0.000302 0.000446 0.000649 0.000935 0.001329 0.001866 0.002588 0.003546 0.004798 0.006413 0.008467 0.011041 0.014220 0.018091 0.022733 0.028215 0.034590 0.041884 0.050095 0.059181 0.069056 0.079590 0.090606 0.101881 0.113153 0.124131 0.134502 0.143953 0.152176 0.158896 0.163877 0.166940 0.167973 0.166940 0.163877 0.158896 0.152176 0.143953 0.134502 0.124131 0.113153 0.101881 0.090606 0.079590 0.069056 0.059181 0.050095 0.041884 0.034590 0.028215 0.022733 0.018091 0.014220 0.011041 0.008467 0.006413 0.004798 0.003546 0.002588 0.001866 0.001329 0.000935 0.000649 0.000446 0.000243 0.000359 0.000523 0.000753 0.001071 0.001503 0.002085 0.002857 0.003866 0.005167 0.006822 0.008895 0.011457 0.014576 0.018316 0.022733 0.027869 0.033746 0.040362 0.047682 0.055638 0.064125 0.073001 0.082085 0.091167 0.100012 0.108368 0.115982 0.122608 0.128022 0.132035 0.134502 0.135335 0.134502 0.132035 0.128022 0.122608 0.115982 0.108368 0.100012 0.091167 0.082085 0.073001 0.064125 0.055638 0.047682 0.040362 0.033746 0.027869 0.022733 0.018316 0.014576 0.011457 0.008895 0.006822 0.005167 0.003866 0.002857 0.002085 0.001503 0.001071 0.000753 0.000523 0.000359 0.000194 0.000286 0.000416 0.000599 0.000852 0.001196 0.001660 0.002274 0.003077 0.004112 0.005429 0.007079 0.009118 0.011600 0.014576 0.018091 0.022178 0.026856 0.032120 0.037945 0.044277 0.051032 0.058095 0.065324 0.072552 0.079590 0.086240 0.092300 0.097572 0.101881 0.105074 0.107038 0.107701 0.107038 0.105074 0.101881 0.097572 0.092300 0.086240 0.079590 0.072552 0.065324 0.058095 0.051032 0.044277 0.037945 0.032120 0.026856 0.022178 0.018091 0.014576 0.011600 0.009118 0.007079 0.005429 0.004112 0.003077 0.002274 0.001660 0.001196 0.000852 0.000599 0.000416 0.000286 0.000152 0.000225 0.000327 0.000471 0.000670 0.000940 0.001304 0.001787 0.002418 0.003232 0.004267 0.005564 0.007167 0.009118 0.011457 0.014220 0.017433 0.021110 0.025248 0.029827 0.034804 0.040113 0.045665 0.051348 0.057029 0.062562 0.067789 0.072552 0.076696 0.080083 0.082593 0.084137 0.084658 0.084137 0.082593 0.080083 0.076696 0.072552 0.067789 0.062562 0.057029 0.051348 0.045665 0.040113 0.034804 0.029827 0.025248 0.021110 0.017433 0.014220 0.011457 0.009118 0.007167 0.005564 0.004267 0.003232 0.002418 0.001787 0.001304 0.000940 0.000670 0.000471 0.000327 0.000225 0.000118 0.000174 0.000254 0.000366 0.000520 0.000730 0.001013 0.001388 0.001878 0.002510 0.003313 0.004320 0.005564 0.007079 0.008895 0.011041 0.013535 0.016390 0.019602 0.023158 0.027022 0.031144 0.035454 0.039866 0.044277 0.048573 0.052631 0.056329 0.059547 0.062177 0.064125 0.065324 0.065729 0.065324 0.064125 0.062177 0.059547 0.056329 0.052631 0.048573 0.044277 0.039866 0.035454 0.031144 0.027022 0.023158 0.019602 0.016390 0.013535 0.011041 0.008895 0.007079 0.005564 0.004320 0.003313 0.002510 0.001878 0.001388 0.001013 0.000730 0.000520 0.000366 0.000254 0.000174 0.000091 0.000134 0.000195 0.000280 0.000399 0.000560 0.000777 0.001064 0.001440 0.001925 0.002541 0.003313 0.004267 0.005429 0.006822 0.008467 0.010380 0.012569 0.015033 0.017759 0.020722 0.023883 0.027189 0.030573 0.033955 0.037249 0.040362 0.043197 0.045665 0.047682 0.049176 0.050095 0.050406 0.050095 0.049176 0.047682 0.045665 0.043197 0.040362 0.037249 0.033955 0.030573 0.027189 0.023883 0.020722 0.017759 0.015033 0.012569 0.010380 0.008467 0.006822 0.005429 0.004267 0.003313 0.002541 0.001925 0.001440 0.001064 0.000777 0.000560 0.000399 0.000280 0.000195 0.000134 0.000069 0.000101 0.000148 0.000212 0.000302 0.000424 0.000588 0.000806 0.001091 0.001458 0.001925 0.002510 0.003232 0.004112 0.005167 0.006413 0.007862 0.009520 0.011387 0.013452 0.015696 0.018091 0.020595 0.023158 0.025720 0.028215 0.030573 0.032721 0.034590 0.036117 0.037249 0.037945 0.038180 0.037945 0.037249 0.036117 0.034590 0.032721 0.030573 0.028215 0.025720 0.023158 0.020595 0.018091 0.015696 0.013452 0.011387 0.009520 0.007862 0.006413 0.005167 0.004112 0.003232 0.002510 0.001925 0.001458 0.001091 0.000806 0.000588 0.000424 0.000302 0.000212 0.000148 0.000101 0.000051 0.000076 0.000110 0.000159 0.000226 0.000317 0.000440 0.000603 0.000816 0.001091 0.001440 0.001878 0.002418 0.003077 0.003866 0.004798 0.005882 0.007123 0.008519 0.010064 0.011744 0.013535 0.015408 0.017326 0.019243 0.021110 0.022873 0.024481 0.025879 0.027022 0.027869 0.028390 0.028566 0.028390 0.027869 0.027022 0.025879 0.024481 0.022873 0.021110 0.019243 0.017326 0.015408 0.013535 0.011744 0.010064 0.008519 0.007123 0.005882 0.004798 0.003866 0.003077 0.002418 0.001878 0.001440 0.001091 0.000816 0.000603 0.000440 0.000317 0.000226 0.000159 0.000110 0.000076 0.000038 0.000056 0.000082 0.000117 0.000167 0.000235 0.000325 0.000446 0.000603 0.000806 0.001064 0.001388 0.001787 0.002274 0.002857 0.003546 0.004347 0.005264 0.006296 0.007437 0.008678 0.010002 0.011387 0.012804 0.014220 0.015600 0.016903 0.018091 0.019124 0.019969 0.020595 0.020980 0.021110 0.020980 0.020595 0.019969 0.019124 0.018091 0.016903 0.015600 0.014220 0.012804 0.011387 0.010002 0.008678 0.007437 0.006296 0.005264 0.004347 0.003546 0.002857 0.002274 0.001787 0.001388 0.001064 0.000806 0.000603 0.000446 0.000325 0.000235 0.000167 0.000117 0.000082 0.000056 0.000028 0.000041 0.000060 0.000086 0.000122 0.000171 0.000237 0.000325 0.000440 0.000588 0.000777 0.001013 0.001304 0.001660 0.002085 0.002588 0.003173 0.003842 0.004595 0.005429 0.006335 0.007301 0.008311 0.009346 0.010380 0.011387 0.012338 0.013205 0.013959 0.014576 0.015033 0.015314 0.015408 0.015314 0.015033 0.014576 0.013959 0.013205 0.012338 0.011387 0.010380 0.009346 0.008311 0.007301 0.006335 0.005429 0.004595 0.003842 0.003173 0.002588 0.002085 0.001660 0.001304 0.001013 0.000777 0.000588 0.000440 0.000325 0.000237 0.000171 0.000122 0.000086 0.000060 0.000041 0.000020 0.000029 0.000043 0.000062 0.000088 0.000123 0.000171 0.000235 0.000317 0.000424 0.000560 0.000730 0.000940 0.001196 0.001503 0.001866 0.002288 0.002770 0.003313 0.003914 0.004567 0.005264 0.005992 0.006738 0.007483 0.008209 0.008895 0.009520 0.010064 0.010509 0.010838 0.011041 0.011109 0.011041 0.010838 0.010509 0.010064 0.009520 0.008895 0.008209 0.007483 0.006738 0.005992 0.005264 0.004567 0.003914 0.003313 0.002770 0.002288 0.001866 0.001503 0.001196 0.000940 0.000730 0.000560 0.000424 0.000317 0.000235 0.000171 0.000123 0.000088 0.000062 0.000043 0.000029 0.000014 0.000021 0.000031 0.000044 0.000063 0.000088 0.000122 0.000167 0.000226 0.000302 0.000399 0.000520 0.000670 0.000852 0.001071 0.001329 0.001629 0.001973 0.002359 0.002787 0.003252 0.003748 0.004267 0.004798 0.005329 0.005846 0.006335 0.006780 0.007167 0.007483 0.007718 0.007862 0.007911 0.007862 0.007718 0.007483 0.007167 0.006780 0.006335 0.005846 0.005329 0.004798 0.004267 0.003748 0.003252 0.002787 0.002359 0.001973 0.001629 0.001329 0.001071 0.000852 0.000670 0.000520 0.000399 0.000302 0.000226 0.000167 0.000122 0.000088 0.000063 0.000044 0.000031 0.000021 0.000010 0.000015 0.000022 0.000031 0.000044 0.000062 0.000086 0.000117 0.000159 0.000212 0.000280 0.000366 0.000471 0.000599 0.000753 0.000935 0.001146 0.001388 0.001660 0.001960 0.002288 0.002637 0.003002 0.003375 0.003748 0.004112 0.004456 0.004769 0.005041 0.005264 0.005429 0.005530 0.005564 0.005530 0.005429 0.005264 0.005041 0.004769 0.004456 0.004112 0.003748 0.003375 0.003002 0.002637 0.002288 0.001960 0.001660 0.001388 0.001146 0.000935 0.000753 0.000599 0.000471 0.000366 0.000280 0.000212 0.000159 0.000117 0.000086 0.000062 0.000044 0.000031 0.000022 0.000015 0.000007 0.000010 0.000015 0.000022 0.000031 0.000043 0.000060 0.000082 0.000110 0.000148 0.000195 0.000254 0.000327 0.000416 0.000523 0.000649 0.000796 0.000964 0.001153 0.001362 0.001589 0.001832 0.002085 0.002345 0.002604 0.002857 0.003096 0.003313 0.003502 0.003657 0.003772 0.003842 0.003866 0.003842 0.003772 0.003657 0.003502 0.003313 0.003096 0.002857 0.002604 0.002345 0.002085 0.001832 0.001589 0.001362 0.001153 0.000964 0.000796 0.000649 0.000523 0.000416 0.000327 0.000254 0.000195 0.000148 0.000110 0.000082 0.000060 0.000043 0.000031 0.000022 0.000015 0.000010 0.000005 0.000007 0.000010 0.000015 0.000021 0.000029 0.000041 0.000056 0.000076 0.000101 0.000134 0.000174 0.000225 0.000286 0.000359 0.000446 0.000546 0.000662 0.000791 0.000935 0.001091 0.001257 0.001431 0.001609 0.001787 0.001960 0.002124 0.002274 0.002403 0.002510 0.002588 0.002637 0.002653 0.002637 0.002588 0.002510 0.002403 0.002274 0.002124 0.001960 0.001787 0.001609 0.001431 0.001257 0.001091 0.000935 0.000791 0.000662 0.000546 0.000446 0.000359 0.000286 0.000225 0.000174 0.000134 0.000101 0.000076 0.000056 0.000041 0.000029 0.000021 0.000015 0.000010 0.000007
