# SYNTHETIC docking problem (project 1.3) -- NOT real receptor/ligand data.
# Gaussian energy well at (0.5, -0.5, 0.0) kcal/mol depth 10.0, sigma 1.5 A.
# Best pose should place the ligand centroid nearest the well.
GRID 16 16 16  -3.750000 -3.750000 -3.750000  0.500000
-0.000759 -0.001846 -0.004018 -0.007827 -0.013642 -0.021276 -0.029693 -0.037081 -0.041439 -0.041439 -0.037081 -0.029693 -0.021276 -0.013642 -0.007827 -0.004018
-0.001478 -0.003596 -0.007827 -0.015245 -0.026570 -0.041439 -0.057833 -0.072225 -0.080713 -0.080713 -0.072225 -0.057833 -0.041439 -0.026570 -0.015245 -0.007827
-0.002577 -0.006267 -0.013642 -0.026570 -0.046309 -0.072225 -0.100798 -0.125881 -0.140675 -0.140675 -0.125881 -0.100798 -0.072225 -0.046309 -0.026570 -0.013642
-0.004018 -0.009775 -0.021276 -0.041439 -0.072225 -0.112644 -0.157207 -0.196328 -0.219400 -0.219400 -0.196328 -0.157207 -0.112644 -0.072225 -0.041439 -0.021276
-0.005608 -0.013642 -0.029693 -0.057833 -0.100798 -0.157207 -0.219400 -0.273997 -0.306197 -0.306197 -0.273997 -0.219400 -0.157207 -0.100798 -0.057833 -0.029693
-0.007004 -0.017036 -0.037081 -0.072225 -0.125881 -0.196328 -0.273997 -0.342181 -0.382394 -0.382394 -0.342181 -0.273997 -0.196328 -0.125881 -0.072225 -0.037081
-0.007827 -0.019038 -0.041439 -0.080713 -0.140675 -0.219400 -0.306197 -0.382394 -0.427333 -0.427333 -0.382394 -0.306197 -0.219400 -0.140675 -0.080713 -0.041439
-0.007827 -0.019038 -0.041439 -0.080713 -0.140675 -0.219400 -0.306197 -0.382394 -0.427333 -0.427333 -0.382394 -0.306197 -0.219400 -0.140675 -0.080713 -0.041439
-0.007004 -0.017036 -0.037081 -0.072225 -0.125881 -0.196328 -0.273997 -0.342181 -0.382394 -0.382394 -0.342181 -0.273997 -0.196328 -0.125881 -0.072225 -0.037081
-0.005608 -0.013642 -0.029693 -0.057833 -0.100798 -0.157207 -0.219400 -0.273997 -0.306197 -0.306197 -0.273997 -0.219400 -0.157207 -0.100798 -0.057833 -0.029693
-0.004018 -0.009775 -0.021276 -0.041439 -0.072225 -0.112644 -0.157207 -0.196328 -0.219400 -0.219400 -0.196328 -0.157207 -0.112644 -0.072225 -0.041439 -0.021276
-0.002577 -0.006267 -0.013642 -0.026570 -0.046309 -0.072225 -0.100798 -0.125881 -0.140675 -0.140675 -0.125881 -0.100798 -0.072225 -0.046309 -0.026570 -0.013642
-0.001478 -0.003596 -0.007827 -0.015245 -0.026570 -0.041439 -0.057833 -0.072225 -0.080713 -0.080713 -0.072225 -0.057833 -0.041439 -0.026570 -0.015245 -0.007827
-0.000759 -0.001846 -0.004018 -0.007827 -0.013642 -0.021276 -0.029693 -0.037081 -0.041439 -0.041439 -0.037081 -0.029693 -0.021276 -0.013642 -0.007827 -0.004018
-0.000349 -0.000848 -0.001846 -0.003596 -0.006267 -0.009775 -0.013642 -0.017036 -0.019038 -0.019038 -0.017036 -0.013642 -0.009775 -0.006267 -0.003596 -0.001846
-0.000143 -0.000349 -0.000759 -0.001478 -0.002577 -0.004018 -0.005608 -0.007004 -0.007827 -0.007827 -0.007004 -0.005608 -0.004018 -0.002577 -0.001478 -0.000759
-0.001652 -0.004018 -0.008747 -0.017036 -0.029693 -0.046309 -0.064630 -0.080713 -0.090198 -0.090198 -0.080713 -0.064630 -0.046309 -0.029693 -0.017036 -0.008747
-0.003218 -0.007827 -0.017036 -0.033182 -0.057833 -0.090198 -0.125881 -0.157207 -0.175682 -0.175682 -0.157207 -0.125881 -0.090198 -0.057833 -0.033182 -0.017036
-0.005608 -0.013642 -0.029693 -0.057833 -0.100798 -0.157207 -0.219400 -0.273997 -0.306197 -0.306197 -0.273997 -0.219400 -0.157207 -0.100798 -0.057833 -0.029693
-0.008747 -0.021276 -0.046309 -0.090198 -0.157207 -0.245184 -0.342181 -0.427333 -0.477552 -0.477552 -0.427333 -0.342181 -0.245184 -0.157207 -0.090198 -0.046309
-0.012207 -0.029693 -0.064630 -0.125881 -0.219400 -0.342181 -0.477552 -0.596391 -0.666478 -0.666478 -0.596391 -0.477552 -0.342181 -0.219400 -0.125881 -0.064630
-0.015245 -0.037081 -0.080713 -0.157207 -0.273997 -0.427333 -0.596391 -0.744802 -0.832330 -0.832330 -0.744802 -0.596391 -0.427333 -0.273997 -0.157207 -0.080713
-0.017036 -0.041439 -0.090198 -0.175682 -0.306197 -0.477552 -0.666478 -0.832330 -0.930145 -0.930145 -0.832330 -0.666478 -0.477552 -0.306197 -0.175682 -0.090198
-0.017036 -0.041439 -0.090198 -0.175682 -0.306197 -0.477552 -0.666478 -0.832330 -0.930145 -0.930145 -0.832330 -0.666478 -0.477552 -0.306197 -0.175682 -0.090198
-0.015245 -0.037081 -0.080713 -0.157207 -0.273997 -0.427333 -0.596391 -0.744802 -0.832330 -0.832330 -0.744802 -0.596391 -0.427333 -0.273997 -0.157207 -0.080713
-0.012207 -0.029693 -0.064630 -0.125881 -0.219400 -0.342181 -0.477552 -0.596391 -0.666478 -0.666478 -0.596391 -0.477552 -0.342181 -0.219400 -0.125881 -0.064630
-0.008747 -0.021276 -0.046309 -0.090198 -0.157207 -0.245184 -0.342181 -0.427333 -0.477552 -0.477552 -0.427333 -0.342181 -0.245184 -0.157207 -0.090198 -0.046309
-0.005608 -0.013642 -0.029693 -0.057833 -0.100798 -0.157207 -0.219400 -0.273997 -0.306197 -0.306197 -0.273997 -0.219400 -0.157207 -0.100798 -0.057833 -0.029693
-0.003218 -0.007827 -0.017036 -0.033182 -0.057833 -0.090198 -0.125881 -0.157207 -0.175682 -0.175682 -0.157207 -0.125881 -0.090198 -0.057833 -0.033182 -0.017036
-0.001652 -0.004018 -0.008747 -0.017036 -0.029693 -0.046309 -0.064630 -0.080713 -0.090198 -0.090198 -0.080713 -0.064630 -0.046309 -0.029693 -0.017036 -0.008747
-0.000759 -0.001846 -0.004018 -0.007827 -0.013642 -0.021276 -0.029693 -0.037081 -0.041439 -0.041439 -0.037081 -0.029693 -0.021276 -0.013642 -0.007827 -0.004018
-0.000312 -0.000759 -0.001652 -0.003218 -0.005608 -0.008747 -0.012207 -0.015245 -0.017036 -0.017036 -0.015245 -0.012207 -0.008747 -0.005608 -0.003218 -0.001652
-0.003218 -0.007827 -0.017036 -0.033182 -0.057833 -0.090198 -0.125881 -0.157207 -0.175682 -0.175682 -0.157207 -0.125881 -0.090198 -0.057833 -0.033182 -0.017036
-0.006267 -0.015245 -0.033182 -0.064630 -0.112644 -0.175682 -0.245184 -0.306197 -0.342181 -0.342181 -0.306197 -0.245184 -0.175682 -0.112644 -0.064630 -0.033182
-0.010923 -0.026570 -0.057833 -0.112644 -0.196328 -0.306197 -0.427333 -0.533674 -0.596391 -0.596391 -0.533674 -0.427333 -0.306197 -0.196328 -0.112644 -0.057833
-0.017036 -0.041439 -0.090198 -0.175682 -0.306197 -0.477552 -0.666478 -0.832330 -0.930145 -0.930145 -0.832330 -0.666478 -0.477552 -0.306197 -0.175682 -0.090198
-0.023776 -0.057833 -0.125881 -0.245184 -0.427333 -0.666478 -0.930145 -1.161610 -1.298122 -1.298122 -1.161610 -0.930145 -0.666478 -0.427333 -0.245184 -0.125881
-0.029693 -0.072225 -0.157207 -0.306197 -0.533674 -0.832330 -1.161610 -1.450676 -1.621158 -1.621158 -1.450676 -1.161610 -0.832330 -0.533674 -0.306197 -0.157207
-0.033182 -0.080713 -0.175682 -0.342181 -0.596391 -0.930145 -1.298122 -1.621158 -1.811675 -1.811675 -1.621158 -1.298122 -0.930145 -0.596391 -0.342181 -0.175682
-0.033182 -0.080713 -0.175682 -0.342181 -0.596391 -0.930145 -1.298122 -1.621158 -1.811675 -1.811675 -1.621158 -1.298122 -0.930145 -0.596391 -0.342181 -0.175682
-0.029693 -0.072225 -0.157207 -0.306197 -0.533674 -0.832330 -1.161610 -1.450676 -1.621158 -1.621158 -1.450676 -1.161610 -0.832330 -0.533674 -0.306197 -0.157207
-0.023776 -0.057833 -0.125881 -0.245184 -0.427333 -0.666478 -0.930145 -1.161610 -1.298122 -1.298122 -1.161610 -0.930145 -0.666478 -0.427333 -0.245184 -0.125881
-0.017036 -0.041439 -0.090198 -0.175682 -0.306197 -0.477552 -0.666478 -0.832330 -0.930145 -0.930145 -0.832330 -0.666478 -0.477552 -0.306197 -0.175682 -0.090198
-0.010923 -0.026570 -0.057833 -0.112644 -0.196328 -0.306197 -0.427333 -0.533674 -0.596391 -0.596391 -0.533674 -0.427333 -0.306197 -0.196328 -0.112644 -0.057833
-0.006267 -0.015245 -0.033182 -0.064630 -0.112644 -0.175682 -0.245184 -0.306197 -0.342181 -0.342181 -0.306197 -0.245184 -0.175682 -0.112644 -0.064630 -0.033182
-0.003218 -0.007827 -0.017036 -0.033182 -0.057833 -0.090198 -0.125881 -0.157207 -0.175682 -0.175682 -0.157207 -0.125881 -0.090198 -0.057833 -0.033182 -0.017036
-0.001478 -0.003596 -0.007827 -0.015245 -0.026570 -0.041439 -0.057833 -0.072225 -0.080713 -0.080713 -0.072225 -0.057833 -0.041439 -0.026570 -0.015245 -0.007827
-0.000608 -0.001478 -0.003218 -0.006267 -0.010923 -0.017036 -0.023776 -0.029693 -0.033182 -0.033182 -0.029693 -0.023776 -0.017036 -0.010923 -0.006267 -0.003218
-0.005608 -0.013642 -0.029693 -0.057833 -0.100798 -0.157207 -0.219400 -0.273997 -0.306197 -0.306197 -0.273997 -0.219400 -0.157207 -0.100798 -0.057833 -0.029693
-0.010923 -0.026570 -0.057833 -0.112644 -0.196328 -0.306197 -0.427333 -0.533674 -0.596391 -0.596391 -0.533674 -0.427333 -0.306197 -0.196328 -0.112644 -0.057833
-0.019038 -0.046309 -0.100798 -0.196328 -0.342181 -0.533674 -0.744802 -0.930145 -1.039455 -1.039455 -0.930145 -0.744802 -0.533674 -0.342181 -0.196328 -0.100798
-0.029693 -0.072225 -0.157207 -0.306197 -0.533674 -0.832330 -1.161610 -1.450676 -1.621158 -1.621158 -1.450676 -1.161610 -0.832330 -0.533674 -0.306197 -0.157207
-0.041439 -0.100798 -0.219400 -0.427333 -0.744802 -1.161610 -1.621158 -2.024581 -2.262508 -2.262508 -2.024581 -1.621158 -1.161610 -0.744802 -0.427333 -0.219400
-0.051751 -0.125881 -0.273997 -0.533674 -0.930145 -1.450676 -2.024581 -2.528396 -2.825531 -2.825531 -2.528396 -2.024581 -1.450676 -0.930145 -0.533674 -0.273997
-0.057833 -0.140675 -0.306197 -0.596391 -1.039455 -1.621158 -2.262508 -2.825531 -3.157584 -3.157584 -2.825531 -2.262508 -1.621158 -1.039455 -0.596391 -0.306197
-0.057833 -0.140675 -0.306197 -0.596391 -1.039455 -1.621158 -2.262508 -2.825531 -3.157584 -3.157584 -2.825531 -2.262508 -1.621158 -1.039455 -0.596391 -0.306197
-0.051751 -0.125881 -0.273997 -0.533674 -0.930145 -1.450676 -2.024581 -2.528396 -2.825531 -2.825531 -2.528396 -2.024581 -1.450676 -0.930145 -0.533674 -0.273997
-0.041439 -0.100798 -0.219400 -0.427333 -0.744802 -1.161610 -1.621158 -2.024581 -2.262508 -2.262508 -2.024581 -1.621158 -1.161610 -0.744802 -0.427333 -0.219400
-0.029693 -0.072225 -0.157207 -0.306197 -0.533674 -0.832330 -1.161610 -1.450676 -1.621158 -1.621158 -1.450676 -1.161610 -0.832330 -0.533674 -0.306197 -0.157207
-0.019038 -0.046309 -0.100798 -0.196328 -0.342181 -0.533674 -0.744802 -0.930145 -1.039455 -1.039455 -0.930145 -0.744802 -0.533674 -0.342181 -0.196328 -0.100798
-0.010923 -0.026570 -0.057833 -0.112644 -0.196328 -0.306197 -0.427333 -0.533674 -0.596391 -0.596391 -0.533674 -0.427333 -0.306197 -0.196328 -0.112644 -0.057833
-0.005608 -0.013642 -0.029693 -0.057833 -0.100798 -0.157207 -0.219400 -0.273997 -0.306197 -0.306197 -0.273997 -0.219400 -0.157207 -0.100798 -0.057833 -0.029693
-0.002577 -0.006267 -0.013642 -0.026570 -0.046309 -0.072225 -0.100798 -0.125881 -0.140675 -0.140675 -0.125881 -0.100798 -0.072225 -0.046309 -0.026570 -0.013642
-0.001059 -0.002577 -0.005608 -0.010923 -0.019038 -0.029693 -0.041439 -0.051751 -0.057833 -0.057833 -0.051751 -0.041439 -0.029693 -0.019038 -0.010923 -0.005608
-0.008747 -0.021276 -0.046309 -0.090198 -0.157207 -0.245184 -0.342181 -0.427333 -0.477552 -0.477552 -0.427333 -0.342181 -0.245184 -0.157207 -0.090198 -0.046309
-0.017036 -0.041439 -0.090198 -0.175682 -0.306197 -0.477552 -0.666478 -0.832330 -0.930145 -0.930145 -0.832330 -0.666478 -0.477552 -0.306197 -0.175682 -0.090198
-0.029693 -0.072225 -0.157207 -0.306197 -0.533674 -0.832330 -1.161610 -1.450676 -1.621158 -1.621158 -1.450676 -1.161610 -0.832330 -0.533674 -0.306197 -0.157207
-0.046309 -0.112644 -0.245184 -0.477552 -0.832330 -1.298122 -1.811675 -2.262508 -2.528396 -2.528396 -2.262508 -1.811675 -1.298122 -0.832330 -0.477552 -0.245184
-0.064630 -0.157207 -0.342181 -0.666478 -1.161610 -1.811675 -2.528396 -3.157584 -3.528661 -3.528661 -3.157584 -2.528396 -1.811675 -1.161610 -0.666478 -0.342181
-0.080713 -0.196328 -0.427333 -0.832330 -1.450676 -2.262508 -3.157584 -3.943346 -4.406764 -4.406764 -3.943346 -3.157584 -2.262508 -1.450676 -0.832330 -0.427333
-0.090198 -0.219400 -0.477552 -0.930145 -1.621158 -2.528396 -3.528661 -4.406764 -4.924643 -4.924643 -4.406764 -3.528661 -2.528396 -1.621158 -0.930145 -0.477552
-0.090198 -0.219400 -0.477552 -0.930145 -1.621158 -2.528396 -3.528661 -4.406764 -4.924643 -4.924643 -4.406764 -3.528661 -2.528396 -1.621158 -0.930145 -0.477552
-0.080713 -0.196328 -0.427333 -0.832330 -1.450676 -2.262508 -3.157584 -3.943346 -4.406764 -4.406764 -3.943346 -3.157584 -2.262508 -1.450676 -0.832330 -0.427333
-0.064630 -0.157207 -0.342181 -0.666478 -1.161610 -1.811675 -2.528396 -3.157584 -3.528661 -3.528661 -3.157584 -2.528396 -1.811675 -1.161610 -0.666478 -0.342181
-0.046309 -0.112644 -0.245184 -0.477552 -0.832330 -1.298122 -1.811675 -2.262508 -2.528396 -2.528396 -2.262508 -1.811675 -1.298122 -0.832330 -0.477552 -0.245184
-0.029693 -0.072225 -0.157207 -0.306197 -0.533674 -0.832330 -1.161610 -1.450676 -1.621158 -1.621158 -1.450676 -1.161610 -0.832330 -0.533674 -0.306197 -0.157207
-0.017036 -0.041439 -0.090198 -0.175682 -0.306197 -0.477552 -0.666478 -0.832330 -0.930145 -0.930145 -0.832330 -0.666478 -0.477552 -0.306197 -0.175682 -0.090198
-0.008747 -0.021276 -0.046309 -0.090198 -0.157207 -0.245184 -0.342181 -0.427333 -0.477552 -0.477552 -0.427333 -0.342181 -0.245184 -0.157207 -0.090198 -0.046309
-0.004018 -0.009775 -0.021276 -0.041439 -0.072225 -0.112644 -0.157207 -0.196328 -0.219400 -0.219400 -0.196328 -0.157207 -0.112644 -0.072225 -0.041439 -0.021276
-0.001652 -0.004018 -0.008747 -0.017036 -0.029693 -0.046309 -0.064630 -0.080713 -0.090198 -0.090198 -0.080713 -0.064630 -0.046309 -0.029693 -0.017036 -0.008747
-0.012207 -0.029693 -0.064630 -0.125881 -0.219400 -0.342181 -0.477552 -0.596391 -0.666478 -0.666478 -0.596391 -0.477552 -0.342181 -0.219400 -0.125881 -0.064630
-0.023776 -0.057833 -0.125881 -0.245184 -0.427333 -0.666478 -0.930145 -1.161610 -1.298122 -1.298122 -1.161610 -0.930145 -0.666478 -0.427333 -0.245184 -0.125881
-0.041439 -0.100798 -0.219400 -0.427333 -0.744802 -1.161610 -1.621158 -2.024581 -2.262508 -2.262508 -2.024581 -1.621158 -1.161610 -0.744802 -0.427333 -0.219400
-0.064630 -0.157207 -0.342181 -0.666478 -1.161610 -1.811675 -2.528396 -3.157584 -3.528661 -3.528661 -3.157584 -2.528396 -1.811675 -1.161610 -0.666478 -0.342181
-0.090198 -0.219400 -0.477552 -0.930145 -1.621158 -2.528396 -3.528661 -4.406764 -4.924643 -4.924643 -4.406764 -3.528661 -2.528396 -1.621158 -0.930145 -0.477552
-0.112644 -0.273997 -0.596391 -1.161610 -2.024581 -3.157584 -4.406764 -5.503382 -6.150135 -6.150135 -5.503382 -4.406764 -3.157584 -2.024581 -1.161610 -0.596391
-0.125881 -0.306197 -0.666478 -1.298122 -2.262508 -3.528661 -4.924643 -6.150135 -6.872893 -6.872893 -6.150135 -4.924643 -3.528661 -2.262508 -1.298122 -0.666478
-0.125881 -0.306197 -0.666478 -1.298122 -2.262508 -3.528661 -4.924643 -6.150135 -6.872893 -6.872893 -6.150135 -4.924643 -3.528661 -2.262508 -1.298122 -0.666478
-0.112644 -0.273997 -0.596391 -1.161610 -2.024581 -3.157584 -4.406764 -5.503382 -6.150135 -6.150135 -5.503382 -4.406764 -3.157584 -2.024581 -1.161610 -0.596391
-0.090198 -0.219400 -0.477552 -0.930145 -1.621158 -2.528396 -3.528661 -4.406764 -4.924643 -4.924643 -4.406764 -3.528661 -2.528396 -1.621158 -0.930145 -0.477552
-0.064630 -0.157207 -0.342181 -0.666478 -1.161610 -1.811675 -2.528396 -3.157584 -3.528661 -3.528661 -3.157584 -2.528396 -1.811675 -1.161610 -0.666478 -0.342181
-0.041439 -0.100798 -0.219400 -0.427333 -0.744802 -1.161610 -1.621158 -2.024581 -2.262508 -2.262508 -2.024581 -1.621158 -1.161610 -0.744802 -0.427333 -0.219400
-0.023776 -0.057833 -0.125881 -0.245184 -0.427333 -0.666478 -0.930145 -1.161610 -1.298122 -1.298122 -1.161610 -0.930145 -0.666478 -0.427333 -0.245184 -0.125881
-0.012207 -0.029693 -0.064630 -0.125881 -0.219400 -0.342181 -0.477552 -0.596391 -0.666478 -0.666478 -0.596391 -0.477552 -0.342181 -0.219400 -0.125881 -0.064630
-0.005608 -0.013642 -0.029693 -0.057833 -0.100798 -0.157207 -0.219400 -0.273997 -0.306197 -0.306197 -0.273997 -0.219400 -0.157207 -0.100798 -0.057833 -0.029693
-0.002306 -0.005608 -0.012207 -0.023776 -0.041439 -0.064630 -0.090198 -0.112644 -0.125881 -0.125881 -0.112644 -0.090198 -0.064630 -0.041439 -0.023776 -0.012207
-0.015245 -0.037081 -0.080713 -0.157207 -0.273997 -0.427333 -0.596391 -0.744802 -0.832330 -0.832330 -0.744802 -0.596391 -0.427333 -0.273997 -0.157207 -0.080713
-0.029693 -0.072225 -0.157207 -0.306197 -0.533674 -0.832330 -1.161610 -1.450676 -1.621158 -1.621158 -1.450676 -1.161610 -0.832330 -0.533674 -0.306197 -0.157207
-0.051751 -0.125881 -0.273997 -0.533674 -0.930145 -1.450676 -2.024581 -2.528396 -2.825531 -2.825531 -2.528396 -2.024581 -1.450676 -0.930145 -0.533674 -0.273997
-0.080713 -0.196328 -0.427333 -0.832330 -1.450676 -2.262508 -3.157584 -3.943346 -4.406764 -4.406764 -3.943346 -3.157584 -2.262508 -1.450676 -0.832330 -0.427333
-0.112644 -0.273997 -0.596391 -1.161610 -2.024581 -3.157584 -4.406764 -5.503382 -6.150135 -6.150135 -5.503382 -4.406764 -3.157584 -2.024581 -1.161610 -0.596391
-0.140675 -0.342181 -0.744802 -1.450676 -2.528396 -3.943346 -5.503382 -6.872893 -7.680589 -7.680589 -6.872893 -5.503382 -3.943346 -2.528396 -1.450676 -0.744802
-0.157207 -0.382394 -0.832330 -1.621158 -2.825531 -4.406764 -6.150135 -7.680589 -8.583204 -8.583204 -7.680589 -6.150135 -4.406764 -2.825531 -1.621158 -0.832330
-0.157207 -0.382394 -0.832330 -1.621158 -2.825531 -4.406764 -6.150135 -7.680589 -8.583204 -8.583204 -7.680589 -6.150135 -4.406764 -2.825531 -1.621158 -0.832330
-0.140675 -0.342181 -0.744802 -1.450676 -2.528396 -3.943346 -5.503382 -6.872893 -7.680589 -7.680589 -6.872893 -5.503382 -3.943346 -2.528396 -1.450676 -0.744802
-0.112644 -0.273997 -0.596391 -1.161610 -2.024581 -3.157584 -4.406764 -5.503382 -6.150135 -6.150135 -5.503382 -4.406764 -3.157584 -2.024581 -1.161610 -0.596391
-0.080713 -0.196328 -0.427333 -0.832330 -1.450676 -2.262508 -3.157584 -3.943346 -4.406764 -4.406764 -3.943346 -3.157584 -2.262508 -1.450676 -0.832330 -0.427333
-0.051751 -0.125881 -0.273997 -0.533674 -0.930145 -1.450676 -2.024581 -2.528396 -2.825531 -2.825531 -2.528396 -2.024581 -1.450676 -0.930145 -0.533674 -0.273997
-0.029693 -0.072225 -0.157207 -0.306197 -0.533674 -0.832330 -1.161610 -1.450676 -1.621158 -1.621158 -1.450676 -1.161610 -0.832330 -0.533674 -0.306197 -0.157207
-0.015245 -0.037081 -0.080713 -0.157207 -0.273997 -0.427333 -0.596391 -0.744802 -0.832330 -0.832330 -0.744802 -0.596391 -0.427333 -0.273997 -0.157207 -0.080713
-0.007004 -0.017036 -0.037081 -0.072225 -0.125881 -0.196328 -0.273997 -0.342181 -0.382394 -0.382394 -0.342181 -0.273997 -0.196328 -0.125881 -0.072225 -0.037081
-0.002879 -0.007004 -0.015245 -0.029693 -0.051751 -0.080713 -0.112644 -0.140675 -0.157207 -0.157207 -0.140675 -0.112644 -0.080713 -0.051751 -0.029693 -0.015245
-0.017036 -0.041439 -0.090198 -0.175682 -0.306197 -0.477552 -0.666478 -0.832330 -0.930145 -0.930145 -0.832330 -0.666478 -0.477552 -0.306197 -0.175682 -0.090198
-0.033182 -0.080713 -0.175682 -0.342181 -0.596391 -0.930145 -1.298122 -1.621158 -1.811675 -1.811675 -1.621158 -1.298122 -0.930145 -0.596391 -0.342181 -0.175682
-0.057833 -0.140675 -0.306197 -0.596391 -1.039455 -1.621158 -2.262508 -2.825531 -3.157584 -3.157584 -2.825531 -2.262508 -1.621158 -1.039455 -0.596391 -0.306197
-0.090198 -0.219400 -0.477552 -0.930145 -1.621158 -2.528396 -3.528661 -4.406764 -4.924643 -4.924643 -4.406764 -3.528661 -2.528396 -1.621158 -0.930145 -0.477552
-0.125881 -0.306197 -0.666478 -1.298122 -2.262508 -3.528661 -4.924643 -6.150135 -6.872893 -6.872893 -6.150135 -4.924643 -3.528661 -2.262508 -1.298122 -0.666478
-0.157207 -0.382394 -0.832330 -1.621158 -2.825531 -4.406764 -6.150135 -7.680589 -8.583204 -8.583204 -7.680589 -6.150135 -4.406764 -2.825531 -1.621158 -0.832330
-0.175682 -0.427333 -0.930145 -1.811675 -3.157584 -4.924643 -6.872893 -8.583204 -9.591895 -9.591895 -8.583204 -6.872893 -4.924643 -3.157584 -1.811675 -0.930145
-0.175682 -0.427333 -0.930145 -1.811675 -3.157584 -4.924643 -6.872893 -8.583204 -9.591895 -9.591895 -8.583204 -6.872893 -4.924643 -3.157584 -1.811675 -0.930145
-0.157207 -0.382394 -0.832330 -1.621158 -2.825531 -4.406764 -6.150135 -7.680589 -8.583204 -8.583204 -7.680589 -6.150135 -4.406764 -2.825531 -1.621158 -0.832330
-0.125881 -0.306197 -0.666478 -1.298122 -2.262508 -3.528661 -4.924643 -6.150135 -6.872893 -6.872893 -6.150135 -4.924643 -3.528661 -2.262508 -1.298122 -0.666478
-0.090198 -0.219400 -0.477552 -0.930145 -1.621158 -2.528396 -3.528661 -4.406764 -4.924643 -4.924643 -4.406764 -3.528661 -2.528396 -1.621158 -0.930145 -0.477552
-0.057833 -0.140675 -0.306197 -0.596391 -1.039455 -1.621158 -2.262508 -2.825531 -3.157584 -3.157584 -2.825531 -2.262508 -1.621158 -1.039455 -0.596391 -0.306197
-0.033182 -0.080713 -0.175682 -0.342181 -0.596391 -0.930145 -1.298122 -1.621158 -1.811675 -1.811675 -1.621158 -1.298122 -0.930145 -0.596391 -0.342181 -0.175682
-0.017036 -0.041439 -0.090198 -0.175682 -0.306197 -0.477552 -0.666478 -0.832330 -0.930145 -0.930145 -0.832330 -0.666478 -0.477552 -0.306197 -0.175682 -0.090198
-0.007827 -0.019038 -0.041439 -0.080713 -0.140675 -0.219400 -0.306197 -0.382394 -0.427333 -0.427333 -0.382394 -0.306197 -0.219400 -0.140675 -0.080713 -0.041439
-0.003218 -0.007827 -0.017036 -0.033182 -0.057833 -0.090198 -0.125881 -0.157207 -0.175682 -0.175682 -0.157207 -0.125881 -0.090198 -0.057833 -0.033182 -0.017036
-0.017036 -0.041439 -0.090198 -0.175682 -0.306197 -0.477552 -0.666478 -0.832330 -0.930145 -0.930145 -0.832330 -0.666478 -0.477552 -0.306197 -0.175682 -0.090198
-0.033182 -0.080713 -0.175682 -0.342181 -0.596391 -0.930145 -1.298122 -1.621158 -1.811675 -1.811675 -1.621158 -1.298122 -0.930145 -0.596391 -0.342181 -0.175682
-0.057833 -0.140675 -0.306197 -0.596391 -1.039455 -1.621158 -2.262508 -2.825531 -3.157584 -3.157584 -2.825531 -2.262508 -1.621158 -1.039455 -0.596391 -0.306197
-0.090198 -0.219400 -0.477552 -0.930145 -1.621158 -2.528396 -3.528661 -4.406764 -4.924643 -4.924643 -4.406764 -3.528661 -2.528396 -1.621158 -0.930145 -0.477552
-0.125881 -0.306197 -0.666478 -1.298122 -2.262508 -3.528661 -4.924643 -6.150135 -6.872893 -6.872893 -6.150135 -4.924643 -3.528661 -2.262508 -1.298122 -0.666478
-0.157207 -0.382394 -0.832330 -1.621158 -2.825531 -4.406764 -6.150135 -7.680589 -8.583204 -8.583204 -7.680589 -6.150135 -4.406764 -2.825531 -1.621158 -0.832330
-0.175682 -0.427333 -0.930145 -1.811675 -3.157584 -4.924643 -6.872893 -8.583204 -9.591895 -9.591895 -8.583204 -6.872893 -4.924643 -3.157584 -1.811675 -0.930145
-0.175682 -0.427333 -0.930145 -1.811675 -3.157584 -4.924643 -6.872893 -8.583204 -9.591895 -9.591895 -8.583204 -6.872893 -4.924643 -3.157584 -1.811675 -0.930145
-0.157207 -0.382394 -0.832330 -1.621158 -2.825531 -4.406764 -6.150135 -7.680589 -8.583204 -8.583204 -7.680589 -6.150135 -4.406764 -2.825531 -1.621158 -0.832330
-0.125881 -0.306197 -0.666478 -1.298122 -2.262508 -3.528661 -4.924643 -6.150135 -6.872893 -6.872893 -6.150135 -4.924643 -3.528661 -2.262508 -1.298122 -0.666478
-0.090198 -0.219400 -0.477552 -0.930145 -1.621158 -2.528396 -3.528661 -4.406764 -4.924643 -4.924643 -4.406764 -3.528661 -2.528396 -1.621158 -0.930145 -0.477552
-0.057833 -0.140675 -0.306197 -0.596391 -1.039455 -1.621158 -2.262508 -2.825531 -3.157584 -3.157584 -2.825531 -2.262508 -1.621158 -1.039455 -0.596391 -0.306197
-0.033182 -0.080713 -0.175682 -0.342181 -0.596391 -0.930145 -1.298122 -1.621158 -1.811675 -1.811675 -1.621158 -1.298122 -0.930145 -0.596391 -0.342181 -0.175682
-0.017036 -0.041439 -0.090198 -0.175682 -0.306197 -0.477552 -0.666478 -0.832330 -0.930145 -0.930145 -0.832330 -0.666478 -0.477552 -0.306197 -0.175682 -0.090198
-0.007827 -0.019038 -0.041439 -0.080713 -0.140675 -0.219400 -0.306197 -0.382394 -0.427333 -0.427333 -0.382394 -0.306197 -0.219400 -0.140675 -0.080713 -0.041439
-0.003218 -0.007827 -0.017036 -0.033182 -0.057833 -0.090198 -0.125881 -0.157207 -0.175682 -0.175682 -0.157207 -0.125881 -0.090198 -0.057833 -0.033182 -0.017036
-0.015245 -0.037081 -0.080713 -0.157207 -0.273997 -0.427333 -0.596391 -0.744802 -0.832330 -0.832330 -0.744802 -0.596391 -0.427333 -0.273997 -0.157207 -0.080713
-0.029693 -0.072225 -0.157207 -0.306197 -0.533674 -0.832330 -1.161610 -1.450676 -1.621158 -1.621158 -1.450676 -1.161610 -0.832330 -0.533674 -0.306197 -0.157207
-0.051751 -0.125881 -0.273997 -0.533674 -0.930145 -1.450676 -2.024581 -2.528396 -2.825531 -2.825531 -2.528396 -2.024581 -1.450676 -0.930145 -0.533674 -0.273997
-0.080713 -0.196328 -0.427333 -0.832330 -1.450676 -2.262508 -3.157584 -3.943346 -4.406764 -4.406764 -3.943346 -3.157584 -2.262508 -1.450676 -0.832330 -0.427333
-0.112644 -0.273997 -0.596391 -1.161610 -2.024581 -3.157584 -4.406764 -5.503382 -6.150135 -6.150135 -5.503382 -4.406764 -3.157584 -2.024581 -1.161610 -0.596391
-0.140675 -0.342181 -0.744802 -1.450676 -2.528396 -3.943346 -5.503382 -6.872893 -7.680589 -7.680589 -6.872893 -5.503382 -3.943346 -2.528396 -1.450676 -0.744802
-0.157207 -0.382394 -0.832330 -1.621158 -2.825531 -4.406764 -6.150135 -7.680589 -8.583204 -8.583204 -7.680589 -6.150135 -4.406764 -2.825531 -1.621158 -0.832330
-0.157207 -0.382394 -0.832330 -1.621158 -2.825531 -4.406764 -6.150135 -7.680589 -8.583204 -8.583204 -7.680589 -6.150135 -4.406764 -2.825531 -1.621158 -0.832330
-0.140675 -0.342181 -0.744802 -1.450676 -2.528396 -3.943346 -5.503382 -6.872893 -7.680589 -7.680589 -6.872893 -5.503382 -3.943346 -2.528396 -1.450676 -0.744802
-0.112644 -0.273997 -0.596391 -1.161610 -2.024581 -3.157584 -4.406764 -5.503382 -6.150135 -6.150135 -5.503382 -4.406764 -3.157584 -2.024581 -1.161610 -0.596391
-0.080713 -0.196328 -0.427333 -0.832330 -1.450676 -2.262508 -3.157584 -3.943346 -4.406764 -4.406764 -3.943346 -3.157584 -2.262508 -1.450676 -0.832330 -0.427333
-0.051751 -0.125881 -0.273997 -0.533674 -0.930145 -1.450676 -2.024581 -2.528396 -2.825531 -2.825531 -2.528396 -2.024581 -1.450676 -0.930145 -0.533674 -0.273997
-0.029693 -0.072225 -0.157207 -0.306197 -0.533674 -0.832330 -1.161610 -1.450676 -1.621158 -1.621158 -1.450676 -1.161610 -0.832330 -0.533674 -0.306197 -0.157207
-0.015245 -0.037081 -0.080713 -0.157207 -0.273997 -0.427333 -0.596391 -0.744802 -0.832330 -0.832330 -0.744802 -0.596391 -0.427333 -0.273997 -0.157207 -0.080713
-0.007004 -0.017036 -0.037081 -0.072225 -0.125881 -0.196328 -0.273997 -0.342181 -0.382394 -0.382394 -0.342181 -0.273997 -0.196328 -0.125881 -0.072225 -0.037081
-0.002879 -0.007004 -0.015245 -0.029693 -0.051751 -0.080713 -0.112644 -0.140675 -0.157207 -0.157207 -0.140675 -0.112644 -0.080713 -0.051751 -0.029693 -0.015245
-0.012207 -0.029693 -0.064630 -0.125881 -0.219400 -0.342181 -0.477552 -0.596391 -0.666478 -0.666478 -0.596391 -0.477552 -0.342181 -0.219400 -0.125881 -0.064630
-0.023776 -0.057833 -0.125881 -0.245184 -0.427333 -0.666478 -0.930145 -1.161610 -1.298122 -1.298122 -1.161610 -0.930145 -0.666478 -0.427333 -0.245184 -0.125881
-0.041439 -0.100798 -0.219400 -0.427333 -0.744802 -1.161610 -1.621158 -2.024581 -2.262508 -2.262508 -2.024581 -1.621158 -1.161610 -0.744802 -0.427333 -0.219400
-0.064630 -0.157207 -0.342181 -0.666478 -1.161610 -1.811675 -2.528396 -3.157584 -3.528661 -3.528661 -3.157584 -2.528396 -1.811675 -1.161610 -0.666478 -0.342181
-0.090198 -0.219400 -0.477552 -0.930145 -1.621158 -2.528396 -3.528661 -4.406764 -4.924643 -4.924643 -4.406764 -3.528661 -2.528396 -1.621158 -0.930145 -0.477552
-0.112644 -0.273997 -0.596391 -1.161610 -2.024581 -3.157584 -4.406764 -5.503382 -6.150135 -6.150135 -5.503382 -4.406764 -3.157584 -2.024581 -1.161610 -0.596391
-0.125881 -0.306197 -0.666478 -1.298122 -2.262508 -3.528661 -4.924643 -6.150135 -6.872893 -6.872893 -6.150135 -4.924643 -3.528661 -2.262508 -1.298122 -0.666478
-0.125881 -0.306197 -0.666478 -1.298122 -2.262508 -3.528661 -4.924643 -6.150135 -6.872893 -6.872893 -6.150135 -4.924643 -3.528661 -2.262508 -1.298122 -0.666478
-0.112644 -0.273997 -0.596391 -1.161610 -2.024581 -3.157584 -4.406764 -5.503382 -6.150135 -6.150135 -5.503382 -4.406764 -3.157584 -2.024581 -1.161610 -0.596391
-0.090198 -0.219400 -0.477552 -0.930145 -1.621158 -2.528396 -3.528661 -4.406764 -4.924643 -4.924643 -4.406764 -3.528661 -2.528396 -1.621158 -0.930145 -0.477552
-0.064630 -0.157207 -0.342181 -0.666478 -1.161610 -1.811675 -2.528396 -3.157584 -3.528661 -3.528661 -3.157584 -2.528396 -1.811675 -1.161610 -0.666478 -0.342181
-0.041439 -0.100798 -0.219400 -0.427333 -0.744802 -1.161610 -1.621158 -2.024581 -2.262508 -2.262508 -2.024581 -1.621158 -1.161610 -0.744802 -0.427333 -0.219400
-0.023776 -0.057833 -0.125881 -0.245184 -0.427333 -0.666478 -0.930145 -1.161610 -1.298122 -1.298122 -1.161610 -0.930145 -0.666478 -0.427333 -0.245184 -0.125881
-0.012207 -0.029693 -0.064630 -0.125881 -0.219400 -0.342181 -0.477552 -0.596391 -0.666478 -0.666478 -0.596391 -0.477552 -0.342181 -0.219400 -0.125881 -0.064630
-0.005608 -0.013642 -0.029693 -0.057833 -0.100798 -0.157207 -0.219400 -0.273997 -0.306197 -0.306197 -0.273997 -0.219400 -0.157207 -0.100798 -0.057833 -0.029693
-0.002306 -0.005608 -0.012207 -0.023776 -0.041439 -0.064630 -0.090198 -0.112644 -0.125881 -0.125881 -0.112644 -0.090198 -0.064630 -0.041439 -0.023776 -0.012207
-0.008747 -0.021276 -0.046309 -0.090198 -0.157207 -0.245184 -0.342181 -0.427333 -0.477552 -0.477552 -0.427333 -0.342181 -0.245184 -0.157207 -0.090198 -0.046309
-0.017036 -0.041439 -0.090198 -0.175682 -0.306197 -0.477552 -0.666478 -0.832330 -0.930145 -0.930145 -0.832330 -0.666478 -0.477552 -0.306197 -0.175682 -0.090198
-0.029693 -0.072225 -0.157207 -0.306197 -0.533674 -0.832330 -1.161610 -1.450676 -1.621158 -1.621158 -1.450676 -1.161610 -0.832330 -0.533674 -0.306197 -0.157207
-0.046309 -0.112644 -0.245184 -0.477552 -0.832330 -1.298122 -1.811675 -2.262508 -2.528396 -2.528396 -2.262508 -1.811675 -1.298122 -0.832330 -0.477552 -0.245184
-0.064630 -0.157207 -0.342181 -0.666478 -1.161610 -1.811675 -2.528396 -3.157584 -3.528661 -3.528661 -3.157584 -2.528396 -1.811675 -1.161610 -0.666478 -0.342181
-0.080713 -0.196328 -0.427333 -0.832330 -1.450676 -2.262508 -3.157584 -3.943346 -4.406764 -4.406764 -3.943346 -3.157584 -2.262508 -1.450676 -0.832330 -0.427333
-0.090198 -0.219400 -0.477552 -0.930145 -1.621158 -2.528396 -3.528661 -4.406764 -4.924643 -4.924643 -4.406764 -3.528661 -2.528396 -1.621158 -0.930145 -0.477552
-0.090198 -0.219400 -0.477552 -0.930145 -1.621158 -2.528396 -3.528661 -4.406764 -4.924643 -4.924643 -4.406764 -3.528661 -2.528396 -1.621158 -0.930145 -0.477552
-0.080713 -0.196328 -0.427333 -0.832330 -1.450676 -2.262508 -3.157584 -3.943346 -4.406764 -4.406764 -3.943346 -3.157584 -2.262508 -1.450676 -0.832330 -0.427333
-0.064630 -0.157207 -0.342181 -0.666478 -1.161610 -1.811675 -2.528396 -3.157584 -3.528661 -3.528661 -3.157584 -2.528396 -1.811675 -1.161610 -0.666478 -0.342181
-0.046309 -0.112644 -0.245184 -0.477552 -0.832330 -1.298122 -1.811675 -2.262508 -2.528396 -2.528396 -2.262508 -1.811675 -1.298122 -0.832330 -0.477552 -0.245184
-0.029693 -0.072225 -0.157207 -0.306197 -0.533674 -0.832330 -1.161610 -1.450676 -1.621158 -1.621158 -1.450676 -1.161610 -0.832330 -0.533674 -0.306197 -0.157207
-0.017036 -0.041439 -0.090198 -0.175682 -0.306197 -0.477552 -0.666478 -0.832330 -0.930145 -0.930145 -0.832330 -0.666478 -0.477552 -0.306197 -0.175682 -0.090198
-0.008747 -0.021276 -0.046309 -0.090198 -0.157207 -0.245184 -0.342181 -0.427333 -0.477552 -0.477552 -0.427333 -0.342181 -0.245184 -0.157207 -0.090198 -0.046309
-0.004018 -0.009775 -0.021276 -0.041439 -0.072225 -0.112644 -0.157207 -0.196328 -0.219400 -0.219400 -0.196328 -0.157207 -0.112644 -0.072225 -0.041439 -0.021276
-0.001652 -0.004018 -0.008747 -0.017036 -0.029693 -0.046309 -0.064630 -0.080713 -0.090198 -0.090198 -0.080713 -0.064630 -0.046309 -0.029693 -0.017036 -0.008747
-0.005608 -0.013642 -0.029693 -0.057833 -0.100798 -0.157207 -0.219400 -0.273997 -0.306197 -0.306197 -0.273997 -0.219400 -0.157207 -0.100798 -0.057833 -0.029693
-0.010923 -0.026570 -0.057833 -0.112644 -0.196328 -0.306197 -0.427333 -0.533674 -0.596391 -0.596391 -0.533674 -0.427333 -0.306197 -0.196328 -0.112644 -0.057833
-0.019038 -0.046309 -0.100798 -0.196328 -0.342181 -0.533674 -0.744802 -0.930145 -1.039455 -1.039455 -0.930145 -0.744802 -0.533674 -0.342181 -0.196328 -0.100798
-0.029693 -0.072225 -0.157207 -0.306197 -0.533674 -0.832330 -1.161610 -1.450676 -1.621158 -1.621158 -1.450676 -1.161610 -0.832330 -0.533674 -0.306197 -0.157207
-0.041439 -0.100798 -0.219400 -0.427333 -0.744802 -1.161610 -1.621158 -2.024581 -2.262508 -2.262508 -2.024581 -1.621158 -1.161610 -0.744802 -0.427333 -0.219400
-0.051751 -0.125881 -0.273997 -0.533674 -0.930145 -1.450676 -2.024581 -2.528396 -2.825531 -2.825531 -2.528396 -2.024581 -1.450676 -0.930145 -0.533674 -0.273997
-0.057833 -0.140675 -0.306197 -0.596391 -1.039455 -1.621158 -2.262508 -2.825531 -3.157584 -3.157584 -2.825531 -2.262508 -1.621158 -1.039455 -0.596391 -0.306197
-0.057833 -0.140675 -0.306197 -0.596391 -1.039455 -1.621158 -2.262508 -2.825531 -3.157584 -3.157584 -2.825531 -2.262508 -1.621158 -1.039455 -0.596391 -0.306197
-0.051751 -0.125881 -0.273997 -0.533674 -0.930145 -1.450676 -2.024581 -2.528396 -2.825531 -2.825531 -2.528396 -2.024581 -1.450676 -0.930145 -0.533674 -0.273997
-0.041439 -0.100798 -0.219400 -0.427333 -0.744802 -1.161610 -1.621158 -2.024581 -2.262508 -2.262508 -2.024581 -1.621158 -1.161610 -0.744802 -0.427333 -0.219400
-0.029693 -0.072225 -0.157207 -0.306197 -0.533674 -0.832330 -1.161610 -1.450676 -1.621158 -1.621158 -1.450676 -1.161610 -0.832330 -0.533674 -0.306197 -0.157207
-0.019038 -0.046309 -0.100798 -0.196328 -0.342181 -0.533674 -0.744802 -0.930145 -1.039455 -1.039455 -0.930145 -0.744802 -0.533674 -0.342181 -0.196328 -0.100798
-0.010923 -0.026570 -0.057833 -0.112644 -0.196328 -0.306197 -0.427333 -0.533674 -0.596391 -0.596391 -0.533674 -0.427333 -0.306197 -0.196328 -0.112644 -0.057833
-0.005608 -0.013642 -0.029693 -0.057833 -0.100798 -0.157207 -0.219400 -0.273997 -0.306197 -0.306197 -0.273997 -0.219400 -0.157207 -0.100798 -0.057833 -0.029693
-0.002577 -0.006267 -0.013642 -0.026570 -0.046309 -0.072225 -0.100798 -0.125881 -0.140675 -0.140675 -0.125881 -0.100798 -0.072225 -0.046309 -0.026570 -0.013642
-0.001059 -0.002577 -0.005608 -0.010923 -0.019038 -0.029693 -0.041439 -0.051751 -0.057833 -0.057833 -0.051751 -0.041439 -0.029693 -0.019038 -0.010923 -0.005608
-0.003218 -0.007827 -0.017036 -0.033182 -0.057833 -0.090198 -0.125881 -0.157207 -0.175682 -0.175682 -0.157207 -0.125881 -0.090198 -0.057833 -0.033182 -0.017036
-0.006267 -0.015245 -0.033182 -0.064630 -0.112644 -0.175682 -0.245184 -0.306197 -0.342181 -0.342181 -0.306197 -0.245184 -0.175682 -0.112644 -0.064630 -0.033182
-0.010923 -0.026570 -0.057833 -0.112644 -0.196328 -0.306197 -0.427333 -0.533674 -0.596391 -0.596391 -0.533674 -0.427333 -0.306197 -0.196328 -0.112644 -0.057833
-0.017036 -0.041439 -0.090198 -0.175682 -0.306197 -0.477552 -0.666478 -0.832330 -0.930145 -0.930145 -0.832330 -0.666478 -0.477552 -0.306197 -0.175682 -0.090198
-0.023776 -0.057833 -0.125881 -0.245184 -0.427333 -0.666478 -0.930145 -1.161610 -1.298122 -1.298122 -1.161610 -0.930145 -0.666478 -0.427333 -0.245184 -0.125881
-0.029693 -0.072225 -0.157207 -0.306197 -0.533674 -0.832330 -1.161610 -1.450676 -1.621158 -1.621158 -1.450676 -1.161610 -0.832330 -0.533674 -0.306197 -0.157207
-0.033182 -0.080713 -0.175682 -0.342181 -0.596391 -0.930145 -1.298122 -1.621158 -1.811675 -1.811675 -1.621158 -1.298122 -0.930145 -0.596391 -0.342181 -0.175682
-0.033182 -0.080713 -0.175682 -0.342181 -0.596391 -0.930145 -1.298122 -1.621158 -1.811675 -1.811675 -1.621158 -1.298122 -0.930145 -0.596391 -0.342181 -0.175682
-0.029693 -0.072225 -0.157207 -0.306197 -0.533674 -0.832330 -1.161610 -1.450676 -1.621158 -1.621158 -1.450676 -1.161610 -0.832330 -0.533674 -0.306197 -0.157207
-0.023776 -0.057833 -0.125881 -0.245184 -0.427333 -0.666478 -0.930145 -1.161610 -1.298122 -1.298122 -1.161610 -0.930145 -0.666478 -0.427333 -0.245184 -0.125881
-0.017036 -0.041439 -0.090198 -0.175682 -0.306197 -0.477552 -0.666478 -0.832330 -0.930145 -0.930145 -0.832330 -0.666478 -0.477552 -0.306197 -0.175682 -0.090198
-0.010923 -0.026570 -0.057833 -0.112644 -0.196328 -0.306197 -0.427333 -0.533674 -0.596391 -0.596391 -0.533674 -0.427333 -0.306197 -0.196328 -0.112644 -0.057833
-0.006267 -0.015245 -0.033182 -0.064630 -0.112644 -0.175682 -0.245184 -0.306197 -0.342181 -0.342181 -0.306197 -0.245184 -0.175682 -0.112644 -0.064630 -0.033182
-0.003218 -0.007827 -0.017036 -0.033182 -0.057833 -0.090198 -0.125881 -0.157207 -0.175682 -0.175682 -0.157207 -0.125881 -0.090198 -0.057833 -0.033182 -0.017036
-0.001478 -0.003596 -0.007827 -0.015245 -0.026570 -0.041439 -0.057833 -0.072225 -0.080713 -0.080713 -0.072225 -0.057833 -0.041439 -0.026570 -0.015245 -0.007827
-0.000608 -0.001478 -0.003218 -0.006267 -0.010923 -0.017036 -0.023776 -0.029693 -0.033182 -0.033182 -0.029693 -0.023776 -0.017036 -0.010923 -0.006267 -0.003218
-0.001652 -0.004018 -0.008747 -0.017036 -0.029693 -0.046309 -0.064630 -0.080713 -0.090198 -0.090198 -0.080713 -0.064630 -0.046309 -0.029693 -0.017036 -0.008747
-0.003218 -0.007827 -0.017036 -0.033182 -0.057833 -0.090198 -0.125881 -0.157207 -0.175682 -0.175682 -0.157207 -0.125881 -0.090198 -0.057833 -0.033182 -0.017036
-0.005608 -0.013642 -0.029693 -0.057833 -0.100798 -0.157207 -0.219400 -0.273997 -0.306197 -0.306197 -0.273997 -0.219400 -0.157207 -0.100798 -0.057833 -0.029693
-0.008747 -0.021276 -0.046309 -0.090198 -0.157207 -0.245184 -0.342181 -0.427333 -0.477552 -0.477552 -0.427333 -0.342181 -0.245184 -0.157207 -0.090198 -0.046309
-0.012207 -0.029693 -0.064630 -0.125881 -0.219400 -0.342181 -0.477552 -0.596391 -0.666478 -0.666478 -0.596391 -0.477552 -0.342181 -0.219400 -0.125881 -0.064630
-0.015245 -0.037081 -0.080713 -0.157207 -0.273997 -0.427333 -0.596391 -0.744802 -0.832330 -0.832330 -0.744802 -0.596391 -0.427333 -0.273997 -0.157207 -0.080713
-0.017036 -0.041439 -0.090198 -0.175682 -0.306197 -0.477552 -0.666478 -0.832330 -0.930145 -0.930145 -0.832330 -0.666478 -0.477552 -0.306197 -0.175682 -0.090198
-0.017036 -0.041439 -0.090198 -0.175682 -0.306197 -0.477552 -0.666478 -0.832330 -0.930145 -0.930145 -0.832330 -0.666478 -0.477552 -0.306197 -0.175682 -0.090198
-0.015245 -0.037081 -0.080713 -0.157207 -0.273997 -0.427333 -0.596391 -0.744802 -0.832330 -0.832330 -0.744802 -0.596391 -0.427333 -0.273997 -0.157207 -0.080713
-0.012207 -0.029693 -0.064630 -0.125881 -0.219400 -0.342181 -0.477552 -0.596391 -0.666478 -0.666478 -0.596391 -0.477552 -0.342181 -0.219400 -0.125881 -0.064630
-0.008747 -0.021276 -0.046309 -0.090198 -0.157207 -0.245184 -0.342181 -0.427333 -0.477552 -0.477552 -0.427333 -0.342181 -0.245184 -0.157207 -0.090198 -0.046309
-0.005608 -0.013642 -0.029693 -0.057833 -0.100798 -0.157207 -0.219400 -0.273997 -0.306197 -0.306197 -0.273997 -0.219400 -0.157207 -0.100798 -0.057833 -0.029693
-0.003218 -0.007827 -0.017036 -0.033182 -0.057833 -0.090198 -0.125881 -0.157207 -0.175682 -0.175682 -0.157207 -0.125881 -0.090198 -0.057833 -0.033182 -0.017036
-0.001652 -0.004018 -0.008747 -0.017036 -0.029693 -0.046309 -0.064630 -0.080713 -0.090198 -0.090198 -0.080713 -0.064630 -0.046309 -0.029693 -0.017036 -0.008747
-0.000759 -0.001846 -0.004018 -0.007827 -0.013642 -0.021276 -0.029693 -0.037081 -0.041439 -0.041439 -0.037081 -0.029693 -0.021276 -0.013642 -0.007827 -0.004018
-0.000312 -0.000759 -0.001652 -0.003218 -0.005608 -0.008747 -0.012207 -0.015245 -0.017036 -0.017036 -0.015245 -0.012207 -0.008747 -0.005608 -0.003218 -0.001652
-0.000759 -0.001846 -0.004018 -0.007827 -0.013642 -0.021276 -0.029693 -0.037081 -0.041439 -0.041439 -0.037081 -0.029693 -0.021276 -0.013642 -0.007827 -0.004018
-0.001478 -0.003596 -0.007827 -0.015245 -0.026570 -0.041439 -0.057833 -0.072225 -0.080713 -0.080713 -0.072225 -0.057833 -0.041439 -0.026570 -0.015245 -0.007827
-0.002577 -0.006267 -0.013642 -0.026570 -0.046309 -0.072225 -0.100798 -0.125881 -0.140675 -0.140675 -0.125881 -0.100798 -0.072225 -0.046309 -0.026570 -0.013642
-0.004018 -0.009775 -0.021276 -0.041439 -0.072225 -0.112644 -0.157207 -0.196328 -0.219400 -0.219400 -0.196328 -0.157207 -0.112644 -0.072225 -0.041439 -0.021276
-0.005608 -0.013642 -0.029693 -0.057833 -0.100798 -0.157207 -0.219400 -0.273997 -0.306197 -0.306197 -0.273997 -0.219400 -0.157207 -0.100798 -0.057833 -0.029693
-0.007004 -0.017036 -0.037081 -0.072225 -0.125881 -0.196328 -0.273997 -0.342181 -0.382394 -0.382394 -0.342181 -0.273997 -0.196328 -0.125881 -0.072225 -0.037081
-0.007827 -0.019038 -0.041439 -0.080713 -0.140675 -0.219400 -0.306197 -0.382394 -0.427333 -0.427333 -0.382394 -0.306197 -0.219400 -0.140675 -0.080713 -0.041439
-0.007827 -0.019038 -0.041439 -0.080713 -0.140675 -0.219400 -0.306197 -0.382394 -0.427333 -0.427333 -0.382394 -0.306197 -0.219400 -0.140675 -0.080713 -0.041439
